n1
l1
s1
j1
mj1
#1
n2
l2
s2
j2
mj2
#2
dipole(Debye)
1
0
0
0
0
1
2
1
0
1
-1
5
3.786876125190604
1
0
0
0
0
1
2
1
0
1
0
6
-3.786876125190604
1
0
0
0
0
1
2
1
0
1
1
7
3.786876125190604
1
0
1
1
-1
2
2
1
1
0
0
8
2.186353950266562
1
0
1
1
-1
2
2
1
1
1
-1
9
-2.677725787635712
1
0
1
1
-1
2
2
1
1
1
0
10
2.677725787635712
1
0
1
1
-1
2
2
1
1
2
-2
12
3.786876125190603
1
0
1
1
-1
2
2
1
1
2
-1
13
-2.677725787635712
1
0
1
1
-1
2
2
1
1
2
0
14
1.5459857043074816
1
0
1
1
0
3
2
1
1
0
0
8
2.186353950266562
1
0
1
1
0
3
2
1
1
1
-1
9
-2.677725787635712
1
0
1
1
0
3
2
1
1
1
1
11
2.677725787635712
1
0
1
1
0
3
2
1
1
2
-1
13
2.677725787635712
1
0
1
1
0
3
2
1
1
2
0
14
-3.091971408614963
1
0
1
1
0
3
2
1
1
2
1
15
2.677725787635712
1
0
1
1
1
4
2
1
1
0
0
8
2.186353950266562
1
0
1
1
1
4
2
1
1
1
0
10
-2.677725787635712
1
0
1
1
1
4
2
1
1
1
1
11
2.677725787635712
1
0
1
1
1
4
2
1
1
2
0
14
1.5459857043074816
1
0
1
1
1
4
2
1
1
2
1
15
-2.677725787635712
1
0
1
1
1
4
2
1
1
2
2
16
3.786876125190603