0  -9.1792876e-005 0.0013017133 -0.0018196958   0 0 0  3 
2.3637075e-011  -9.1792876e-005 0.0013017133 -0.0018196958   0 1496.5487 -2.3180052e-010  13 
1.6976503e-010  -9.1792876e-005 0.001301932 -0.0018196958   0 0 -1.6648262e-009  3 
2.2712621e-010  -9.1792876e-005 0.001301932 -0.0018196958   0 1496.5487 -2.2273473e-009  7 
2.6670052e-010  -9.1792876e-005 0.0013019912 -0.0018196958   0 0 -2.6154387e-009  2 
3.215851e-010  -9.1792876e-005 0.0013019912 -0.0018196958   0 1496.5487 -3.1536725e-009  14 
3.5228099e-010  -9.1792876e-005 0.0013020372 -0.0018196958   0 0 -3.4546964e-009  3 
4.6946167e-010  -9.1792876e-005 0.0013020372 -0.0018196958   0 1496.5487 -4.6038462e-009  8 
7.4465355e-010  -9.1792876e-005 0.001302449 -0.0018196958   0 0 -7.3025568e-009  4 
7.969683e-010  -9.1792876e-005 0.001302449 -0.0018196958   0 1496.5487 -7.8155891e-009  16 
1.0791836e-009  -9.1792876e-005 0.0013028713 -0.0018196958   0 0 -1.0583176e-008  4 
1.085553e-009  -9.1792876e-005 0.0013028713 -0.0018196958   0 1496.5487 -1.0645638e-008  17 
1.2001736e-009  -9.1792876e-005 0.0013030429 -0.0018196958   -607.54381 2041.9786 -1254.2148  4 
1.2100193e-009  -9.1798857e-005 0.001303063 -0.0018197082   -607.54381 3538.5272 -1254.2148  13 
1.2811414e-009  -9.1842067e-005 0.0013033147 -0.0018197974   -607.54381 2041.9786 -1254.2148  3 
1.3354111e-009  -9.1875038e-005 0.0013034255 -0.0018198654   -607.54381 3538.5272 -1254.2148  16 
1.5711062e-009  -9.2018233e-005 0.0013042595 -0.001820161   -607.54381 2041.9786 -1254.2148  3 
1.5910731e-009  -9.2030364e-005 0.0013043003 -0.0018201861   -607.54381 3538.5272 -1254.2148  16 
2.0910731e-009  -9.2334136e-005 0.0013060695 -0.0018208132   -607.54381 3538.5272 -1254.2148  16 
2.3489255e-009  -9.2490793e-005 0.0013069819 -0.0018211366   -607.54381 2041.9786 -1254.2148  4 
2.3635757e-009  -9.2499693e-005 0.0013070119 -0.001821155   -607.54381 3538.5272 -1254.2148  15 
2.4755329e-009  -9.2567712e-005 0.001307408 -0.0018212954   -607.54381 2041.9786 -1254.2148  4 
2.5259649e-009  -9.2598352e-005 0.001307511 -0.0018213586   -607.54381 3538.5272 -1254.2148  17 
2.9281333e-009  -9.2842687e-005 0.0013089341 -0.0018218631   -607.54381 2041.9786 -1254.2148  2 
3.0536161e-009  -9.2918923e-005 0.0013091903 -0.0018220204   -607.54381 3538.5272 -1254.2148  15 
3.4393569e-009  -9.3153278e-005 0.0013105553 -0.0018225042   -607.54381 2041.9786 -1254.2148  3 
3.5149896e-009  -9.3199228e-005 0.0013107097 -0.0018225991   -607.54381 3538.5272 -1254.2148  16 
4.0149896e-009  -9.3503e-005 0.001312479 -0.0018232262   -607.54381 3538.5272 -1254.2148  16 
4.0601372e-009  -9.3530429e-005 0.0013126387 -0.0018232828   -607.54381 2041.9786 -1254.2148  3 
4.0729525e-009  -9.3538215e-005 0.0013126649 -0.0018232989   -607.54381 3538.5272 -1254.2148  16 
4.5729525e-009  -9.3841987e-005 0.0013144342 -0.001823926   -607.54381 3538.5272 -1254.2148  16 
4.7083089e-009  -9.3924222e-005 0.0013149131 -0.0018240958   -607.51878 5003.5416 -1559.814  4 
4.7551729e-009  -9.3952692e-005 0.0013151476 -0.0018241689   -607.51878 6500.0903 -1559.814  6 
5.0026814e-009  -9.4103058e-005 0.0013167564 -0.0018245549   -607.51878 5003.5416 -1559.814  4 
5.0652356e-009  -9.4141061e-005 0.0013170694 -0.0018246525   -607.51878 6500.0903 -1559.814  16 
5.3697476e-009  -9.4326058e-005 0.0013190488 -0.0018251275   -607.51878 5003.5416 -1559.814  3 
5.5396618e-009  -9.4429284e-005 0.001319899 -0.0018253925   -607.51878 6500.0903 -1559.814  14 
5.8098118e-009  -9.4593405e-005 0.001321655 -0.0018258139   -607.51878 5003.5416 -1559.814  4 
6.1546057e-009  -9.4802874e-005 0.0013233801 -0.0018263517   -607.51878 6500.0903 -1559.814  14 
6.566238e-009  -9.5052948e-005 0.0013260558 -0.0018269938   -607.51878 5003.5416 -1559.814  2 
6.5759558e-009  -9.5058852e-005 0.0013261044 -0.001827009   -607.51878 6500.0903 -1559.814  7 
6.7857367e-009  -9.5186298e-005 0.001327468 -0.0018273362   358.90294 5579.2615 -2236.383  2 
6.8167215e-009  -9.5175177e-005 0.0013276409 -0.0018274055   358.90294 7075.8102 -2236.383  13 
7.2516182e-009  -9.5019092e-005 0.0013307181 -0.0018283781   358.90294 5579.2615 -2236.383  4 
7.320859e-009  -9.4994241e-005 0.0013311044 -0.0018285329   358.90294 7075.8102 -2236.383  17 
7.820859e-009  -9.481479e-005 0.0013346423 -0.0018296511   358.90294 7075.8102 -2236.383  17 
8.320859e-009  -9.4635338e-005 0.0013381803 -0.0018307693   358.90294 7075.8102 -2236.383  17 
8.5447416e-009  -9.4554986e-005 0.0013397644 -0.00183127   1257.6054 5933.0695 -1881.2274  3 
8.7350174e-009  -9.4315694e-005 0.0013408933 -0.0018316279   1257.6054 7429.6182 -1881.2274  8 
8.8321212e-009  -9.4193576e-005 0.0013416148 -0.0018318106   1257.6054 5933.0695 -1881.2274  2 
8.8776941e-009  -9.4136263e-005 0.0013418852 -0.0018318963   1257.6054 7429.6182 -1881.2274  6 
9.1286379e-009  -9.3820675e-005 0.0013437496 -0.0018323684   1257.6054 5933.0695 -1881.2274  4 
9.1858621e-009  -9.3748709e-005 0.0013440891 -0.0018324761   1257.6054 7429.6182 -1881.2274  13 
9.214117e-009  -9.3713176e-005 0.001344299 -0.0018325292   1257.6054 5933.0695 -1881.2274  2 
9.714117e-009  -9.3084373e-005 0.0013472655 -0.0018334698   1257.6054 5933.0695 -1881.2274  2 
9.7906746e-009  -9.2988094e-005 0.0013477198 -0.0018336139   1257.6054 7429.6182 -1881.2274  7 
1.0158098e-008  -9.2526021e-005 0.0013504496 -0.0018343051   1257.6054 5933.0695 -1881.2274  2 
1.0209506e-008  -9.2461369e-005 0.0013507546 -0.0018344018   1257.6054 7429.6182 -1881.2274  7 
1.0301104e-008  -9.2346175e-005 0.0013514351 -0.0018345741   1257.6054 5933.0695 -1881.2274  3 
1.0365449e-008  -9.2265254e-005 0.0013518169 -0.0018346951   1257.6054 7429.6182 -1881.2274  9 
1.0865449e-008  -9.1636451e-005 0.0013555317 -0.0018356358   1257.6054 7429.6182 -1881.2274  9 
1.1365449e-008  -9.1007649e-005 0.0013592465 -0.0018365764   1257.6054 7429.6182 -1881.2274  9 
1.1615453e-008  -9.0693243e-005 0.0013611039 -0.0018370467   1257.6054 5933.0695 -1881.2274  3 
1.1617177e-008  -9.0691074e-005 0.0013611142 -0.0018370499   1257.6054 7429.6182 -1881.2274  8 
1.2117177e-008  -9.0062271e-005 0.001364829 -0.0018379905   1257.6054 7429.6182 -1881.2274  8 
1.2281821e-008  -8.9855215e-005 0.0013660522 -0.0018383003   1257.6054 5933.0695 -1881.2274  3 
1.2396887e-008  -8.9710507e-005 0.0013667349 -0.0018385167   1257.6054 7429.6182 -1881.2274  15 
1.2406418e-008  -8.969852e-005 0.0013668057 -0.0018385347   1257.6054 5933.0695 -1881.2274  2 
1.2549328e-008  -8.9518796e-005 0.0013676536 -0.0018388035   1257.6054 7429.6182 -1881.2274  13 
1.2713234e-008  -8.9312667e-005 0.0013688714 -0.0018391119   1257.6054 5933.0695 -1881.2274  3 
1.2803752e-008  -8.9198831e-005 0.0013694084 -0.0018392822   1257.6054 7429.6182 -1881.2274  8 
1.3084989e-008  -8.8845146e-005 0.0013714979 -0.0018398112   2234.4532 8343.1843 -1209.8055  4 
1.327602e-008  -8.8418296e-005 0.0013730917 -0.0018400423   2234.4532 9839.733 -1209.8055  9 
1.3575785e-008  -8.7748485e-005 0.0013760413 -0.001840405   1075.4588 10480.464 -512.78478  2 
1.3587317e-008  -8.7736083e-005 0.0013761622 -0.0018404109   1075.4588 11977.013 -512.78478  6 
1.4087317e-008  -8.7198354e-005 0.0013821507 -0.0018406673   1075.4588 11977.013 -512.78478  6 
1.4587317e-008  -8.6660624e-005 0.0013881392 -0.0018409237   1075.4588 11977.013 -512.78478  6 
1.4739238e-008  -8.649724e-005 0.0013899588 -0.0018410016   1505.9883 11190.141 685.17188  4 
1.4794453e-008  -8.6414087e-005 0.0013905766 -0.0018409638   1505.9883 12686.69 685.17188  6 
1.5294453e-008  -8.5661092e-005 0.00139692 -0.0018406212   1505.9883 12686.69 685.17188  6 
1.5794453e-008  -8.4908098e-005 0.0014032633 -0.0018402786   1505.9883 12686.69 685.17188  6 
1.5892651e-008  -8.4760213e-005 0.0014045091 -0.0018402113   1505.9883 11190.141 685.17188  3 
1.6392651e-008  -8.4007219e-005 0.0014101042 -0.0018398687   1505.9883 11190.141 685.17188  3 
1.6806003e-008  -8.3384717e-005 0.0014147297 -0.0018395855   1505.9883 12686.69 685.17188  15 
1.7306003e-008  -8.2631722e-005 0.001421073 -0.0018392429   1505.9883 12686.69 685.17188  15 
1.7806003e-008  -8.1878728e-005 0.0014274163 -0.0018389003   1505.9883 12686.69 685.17188  15 
1.8006281e-008  -8.1577112e-005 0.0014299572 -0.0018387631   1505.9883 11190.141 685.17188  4 
1.8506281e-008  -8.0824118e-005 0.0014355523 -0.0018384205   1505.9883 11190.141 685.17188  4 
1.877096e-008  -8.0425514e-005 0.0014385141 -0.0018382392   1505.9883 12686.69 685.17188  6 
1.9061005e-008  -7.9988709e-005 0.0014421938 -0.0018380404   1669.2289 14168.726 813.79772  4 
1.9561005e-008  -7.9154095e-005 0.0014492782 -0.0018376335   1669.2289 14168.726 813.79772  4 
2.0061005e-008  -7.831948e-005 0.0014563625 -0.0018372266   1669.2289 14168.726 813.79772  4 
2.0561005e-008  -7.7484866e-005 0.0014634469 -0.0018368197   1669.2289 14168.726 813.79772  4 
2.0578913e-008  -7.7454974e-005 0.0014637006 -0.0018368052   1669.2289 15665.275 813.79772  7 
2.1078913e-008  -7.6620359e-005 0.0014715332 -0.0018363983   1669.2289 15665.275 813.79772  7 
2.1578913e-008  -7.5785745e-005 0.0014793659 -0.0018359914   1669.2289 15665.275 813.79772  7 
2.2078913e-008  -7.495113e-005 0.0014871985 -0.0018355845   1669.2289 15665.275 813.79772  7 
2.2578913e-008  -7.4116516e-005 0.0014950312 -0.0018351776   1669.2289 15665.275 813.79772  7 
2.303953e-008  -7.334764e-005 0.0015022469 -0.0018348027   1669.2289 14168.726 813.79772  2 
2.3263883e-008  -7.2973144e-005 0.0015054257 -0.0018346201   1669.2289 15665.275 813.79772  9 
2.3513636e-008  -7.2556249e-005 0.0015093381 -0.0018344169   1669.2289 14168.726 813.79772  2 
2.4013636e-008  -7.1721635e-005 0.0015164225 -0.00183401   1669.2289 14168.726 813.79772  2 
2.4289717e-008  -7.1260793e-005 0.0015203342 -0.0018337853   1669.2289 15665.275 813.79772  16 
2.4789717e-008  -7.0426179e-005 0.0015281668 -0.0018333784   1669.2289 15665.275 813.79772  16 
2.5073405e-008  -6.9952638e-005 0.0015326109 -0.0018331476   1669.2289 14168.726 813.79772  3 
2.5073459e-008  -6.9952547e-005 0.0015326116 -0.0018331475   1669.2289 15665.275 813.79772  16 
2.5155678e-008  -6.9815305e-005 0.0015338996 -0.0018330806   1669.2289 14168.726 813.79772  2 
2.5240945e-008  -6.9672975e-005 0.0015351077 -0.0018330112   1669.2289 15665.275 813.79772  13 
2.5740945e-008  -6.883836e-005 0.0015429404 -0.0018326043   1669.2289 15665.275 813.79772  13 
2.6240945e-008  -6.8003746e-005 0.001550773 -0.0018321974   1669.2289 15665.275 813.79772  13 
2.6740945e-008  -6.7169131e-005 0.0015586057 -0.0018317905   1669.2289 15665.275 813.79772  13 
2.7240945e-008  -6.6334517e-005 0.0015664383 -0.0018313836   1669.2289 15665.275 813.79772  13 
2.7666708e-008  -6.5623821e-005 0.001573108 -0.0018310371   1669.2289 14168.726 813.79772  2 
2.7678543e-008  -6.5604066e-005 0.0015732757 -0.0018310275   1669.2289 15665.275 813.79772  13 
2.8178543e-008  -6.4769451e-005 0.0015811083 -0.0018306206   1669.2289 15665.275 813.79772  13 
2.8607181e-008  -6.4053957e-005 0.001587823 -0.0018302718   3131.386 15917.584 618.6199  3 
2.8750788e-008  -6.3604268e-005 0.0015901089 -0.0018301829   3131.386 17414.133 618.6199  9 
2.9250788e-008  -6.2038575e-005 0.001598816 -0.0018298736   3131.386 17414.133 618.6199  9 
2.9407041e-008  -6.1549286e-005 0.001601537 -0.001829777   3131.386 15917.584 618.6199  4 
2.9907041e-008  -5.9983593e-005 0.0016094958 -0.0018294677   3131.386 15917.584 618.6199  4 
3.0038965e-008  -5.9570486e-005 0.0016115957 -0.0018293861   3131.386 17414.133 618.6199  6 
3.0538965e-008  -5.8004793e-005 0.0016203028 -0.0018290767   3131.386 17414.133 618.6199  6 
3.1038965e-008  -5.64391e-005 0.0016290098 -0.0018287674   3131.386 17414.133 618.6199  6 
3.1538965e-008  -5.4873407e-005 0.0016377169 -0.0018284581   3131.386 17414.133 618.6199  6 
3.1572655e-008  -5.4767913e-005 0.0016383036 -0.0018284373   3131.386 15917.584 618.6199  4 
3.1712966e-008  -5.4328543e-005 0.001640537 -0.0018283505   3131.386 17414.133 618.6199  6 
3.2212966e-008  -5.276285e-005 0.0016492441 -0.0018280412   3131.386 17414.133 618.6199  6 
3.2310202e-008  -5.2458367e-005 0.0016509373 -0.001827981   3131.386 15917.584 618.6199  4 
3.2326913e-008  -5.2406039e-005 0.0016512033 -0.0018279707   3131.386 17414.133 618.6199  17 
3.2826913e-008  -5.0840346e-005 0.0016599104 -0.0018276614   3131.386 17414.133 618.6199  17 
3.3326913e-008  -4.9274653e-005 0.0016686175 -0.0018273521   3131.386 17414.133 618.6199  17 
3.3406077e-008  -4.9026761e-005 0.001669996 -0.0018273031   4087.577 17875.748 -436.02149  2 
3.3703583e-008  -4.781068e-005 0.0016753142 -0.0018274328   4087.577 19372.296 -436.02149  17 
3.3734805e-008  -4.7683059e-005 0.001675919 -0.0018274464   4087.577 17875.748 -436.02149  2 
3.4135851e-008  -4.6043754e-005 0.001683088 -0.0018276213   4087.577 19372.296 -436.02149  8 
3.4167511e-008  -4.591434e-005 0.0016837013 -0.0018276351   4087.577 17875.748 -436.02149  4 
3.4377065e-008  -4.5057773e-005 0.0016874473 -0.0018277265   4087.577 19372.296 -436.02149  6 
3.4380213e-008  -4.5044903e-005 0.0016875083 -0.0018277278   4087.577 17875.748 -436.02149  3 
3.4761714e-008  -4.3485488e-005 0.0016943279 -0.0018278942   4087.577 19372.296 -436.02149  9 
3.5261714e-008  -4.1441699e-005 0.001704014 -0.0018281122   4087.577 19372.296 -436.02149  9 
3.5761714e-008  -3.9397911e-005 0.0017137002 -0.0018283302   4087.577 19372.296 -436.02149  9 
3.6261714e-008  -3.7354122e-005 0.0017233863 -0.0018285482   4087.577 19372.296 -436.02149  9 
3.6761714e-008  -3.5310334e-005 0.0017330725 -0.0018287662   4087.577 19372.296 -436.02149  9 
3.7261714e-008  -3.3266545e-005 0.0017427586 -0.0018289842   4087.577 19372.296 -436.02149  9 
3.7761714e-008  -3.1222757e-005 0.0017524448 -0.0018292022   4087.577 19372.296 -436.02149  9 
3.8261714e-008  -2.9178968e-005 0.0017621309 -0.0018294203   4087.577 19372.296 -436.02149  9 
3.8761714e-008  -2.713518e-005 0.0017718171 -0.0018296383   4087.577 19372.296 -436.02149  9 
3.9161251e-008  -2.5502044e-005 0.001779557 -0.0018298125   4087.577 17875.748 -436.02149  2 
3.9661251e-008  -2.3458255e-005 0.0017884949 -0.0018300305   4087.577 17875.748 -436.02149  2 
3.9799039e-008  -2.2895034e-005 0.001790958 -0.0018300906   4087.577 19372.296 -436.02149  16 
3.9973612e-008  -2.2181456e-005 0.0017943398 -0.0018301667   4087.577 17875.748 -436.02149  4 
3.9980279e-008  -2.2154204e-005 0.001794459 -0.0018301696   4087.577 19372.296 -436.02149  7 
4.0480279e-008  -2.0110415e-005 0.0018041452 -0.0018303876   4087.577 19372.296 -436.02149  7 
4.0497088e-008  -2.0041705e-005 0.0018044708 -0.0018303949   4095.894 18153.142 -1303.9134  3 
4.0775576e-008  -1.8901049e-005 0.0018095262 -0.001830758   4095.894 19649.691 -1303.9134  15 
4.1275576e-008  -1.6853102e-005 0.0018193511 -0.00183141   4095.894 19649.691 -1303.9134  15 
4.1775576e-008  -1.4805155e-005 0.0018291759 -0.001832062   4095.894 19649.691 -1303.9134  15 
4.2275576e-008  -1.2757208e-005 0.0018390008 -0.0018327139   4095.894 19649.691 -1303.9134  15 
4.2775576e-008  -1.0709261e-005 0.0018488256 -0.0018333659   4095.894 19649.691 -1303.9134  15 
4.3275576e-008  -8.6613142e-006 0.0018586504 -0.0018340178   4095.894 19649.691 -1303.9134  15 
4.3775576e-008  -6.6133672e-006 0.0018684753 -0.0018346698   4095.894 19649.691 -1303.9134  15 
4.4275576e-008  -4.5654202e-006 0.0018783001 -0.0018353217   4095.894 19649.691 -1303.9134  15 
4.4286299e-008  -4.5214991e-006 0.0018785108 -0.0018353357   4095.894 18153.142 -1303.9134  4 
4.4303796e-008  -4.4498354e-006 0.0018788285 -0.0018353585   4095.894 19649.691 -1303.9134  15 
4.4803796e-008  -2.4018884e-006 0.0018886533 -0.0018360105   4095.894 19649.691 -1303.9134  15 
4.4981667e-008  -1.673347e-006 0.0018921484 -0.0018362424   3447.1664 19917.406 -2625.7073  3 
4.5385652e-008  -2.807415e-007 0.0019001948 -0.0018373032   3447.1664 21413.955 -2625.7073  17 
4.5885652e-008  1.4428417e-006 0.0019109017 -0.001838616   3447.1664 21413.955 -2625.7073  17 
4.6385652e-008  3.1664249e-006 0.0019216087 -0.0018399289   3447.1664 21413.955 -2625.7073  17 
4.6885652e-008  4.890008e-006 0.0019323157 -0.0018412417   3447.1664 21413.955 -2625.7073  17 
4.7385652e-008  6.6135912e-006 0.0019430227 -0.0018425546   3447.1664 21413.955 -2625.7073  17 
4.7885652e-008  8.3371744e-006 0.0019537297 -0.0018438674   3447.1664 21413.955 -2625.7073  17 
4.8385652e-008  1.0060758e-005 0.0019644366 -0.0018451803   3447.1664 21413.955 -2625.7073  17 
4.8716766e-008  1.1202163e-005 0.0019715271 -0.0018460497   4286.1371 21450.263 -3864.4436  2 
4.9119265e-008  1.2927329e-005 0.0019801608 -0.0018476051   4286.1371 22946.811 -3864.4436  13 
4.9619265e-008  1.5070397e-005 0.0019916342 -0.0018495374   4286.1371 22946.811 -3864.4436  13 
5.0119265e-008  1.7213466e-005 0.0020031076 -0.0018514696   4286.1371 22946.811 -3864.4436  13 
5.0619265e-008  1.9356534e-005 0.002014581 -0.0018534018   4286.1371 22946.811 -3864.4436  13 
5.1119265e-008  2.1499603e-005 0.0020260544 -0.001855334   4286.1371 22946.811 -3864.4436  13 
5.1619265e-008  2.3642671e-005 0.0020375278 -0.0018572662   4286.1371 22946.811 -3864.4436  13 
5.2119265e-008  2.578574e-005 0.0020490012 -0.0018591985   4286.1371 22946.811 -3864.4436  13 
5.2619265e-008  2.7928809e-005 0.0020604746 -0.0018611307   4286.1371 22946.811 -3864.4436  13 
5.3119265e-008  3.0071877e-005 0.002071948 -0.0018630629   4286.1371 22946.811 -3864.4436  13 
5.3253113e-008  3.0645568e-005 0.0020750194 -0.0018635802   4286.1371 21450.263 -3864.4436  2 
5.3350876e-008  3.106459e-005 0.0020771165 -0.001863958   4286.1371 22946.811 -3864.4436  14 
5.3833546e-008  3.313338e-005 0.0020881922 -0.0018658232   5161.1099 22016.334 -4644.3754  3 
5.4333546e-008  3.5713935e-005 0.0020992004 -0.0018681454   5161.1099 22016.334 -4644.3754  3 
5.4833546e-008  3.829449e-005 0.0021102085 -0.0018704676   5161.1099 22016.334 -4644.3754  3 
5.5333546e-008  4.0875045e-005 0.0021212167 -0.0018727898   5161.1099 22016.334 -4644.3754  3 
5.5564738e-008  4.2068252e-005 0.0021263067 -0.0018738635   5161.1099 23512.883 -4644.3754  15 
5.6064738e-008  4.4648807e-005 0.0021380631 -0.0018761857   5161.1099 23512.883 -4644.3754  15 
5.6564738e-008  4.7229362e-005 0.0021498196 -0.0018785079   5161.1099 23512.883 -4644.3754  15 
5.6631717e-008  4.7575052e-005 0.0021513945 -0.001878819   4966.809 23271.543 -6108.4997  4 
5.7131717e-008  5.0058456e-005 0.0021630302 -0.0018818732   4966.809 23271.543 -6108.4997  4 
5.7631717e-008  5.2541861e-005 0.002174666 -0.0018849275   4966.809 23271.543 -6108.4997  4 
5.8131717e-008  5.5025265e-005 0.0021863018 -0.0018879817   4966.809 23271.543 -6108.4997  4 
5.8631717e-008  5.750867e-005 0.0021979376 -0.001891036   4966.809 23271.543 -6108.4997  4 
5.9078897e-008  5.9729728e-005 0.0022083441 -0.0018937676   4966.809 24768.092 -6108.4997  17 
5.9469007e-008  6.1667329e-005 0.0022180064 -0.0018961506   4966.809 23271.543 -6108.4997  2 
5.9969007e-008  6.4150733e-005 0.0022296422 -0.0018992048   4966.809 23271.543 -6108.4997  2 
6.0469007e-008  6.6634138e-005 0.0022412779 -0.0019022591   4966.809 23271.543 -6108.4997  2 
6.0969007e-008  6.9117542e-005 0.0022529137 -0.0019053133   4966.809 23271.543 -6108.4997  2 
6.1469007e-008  7.1600947e-005 0.0022645495 -0.0019083676   4966.809 23271.543 -6108.4997  2 
6.1969007e-008  7.4084351e-005 0.0022761853 -0.0019114218   4966.809 23271.543 -6108.4997  2 
6.2469007e-008  7.6567756e-005 0.002287821 -0.0019144761   4966.809 23271.543 -6108.4997  2 
6.2969007e-008  7.905116e-005 0.0022994568 -0.0019175303   4966.809 23271.543 -6108.4997  2 
6.3191002e-008  8.0153768e-005 0.002304623 -0.0019188864   4966.809 24768.092 -6108.4997  13 
6.3691002e-008  8.2637172e-005 0.002317007 -0.0019219406   4966.809 24768.092 -6108.4997  13 
6.4191002e-008  8.5120577e-005 0.0023293911 -0.0019249949   4966.809 24768.092 -6108.4997  13 
6.4691002e-008  8.7603981e-005 0.0023417751 -0.0019280491   4966.809 24768.092 -6108.4997  13 
6.5191002e-008  9.0087386e-005 0.0023541592 -0.0019311034   4966.809 24768.092 -6108.4997  13 
6.5691002e-008  9.257079e-005 0.0023665432 -0.0019341576   4966.809 24768.092 -6108.4997  13 
6.6191002e-008  9.5054195e-005 0.0023789272 -0.0019372119   4966.809 24768.092 -6108.4997  13 
6.6691002e-008  9.7537599e-005 0.0023913113 -0.0019402661   4966.809 24768.092 -6108.4997  13 
6.7191002e-008  0.000100021 0.0024036953 -0.0019433204   4966.809 24768.092 -6108.4997  13 
6.7448208e-008  0.00010129849 0.0024100658 -0.0019448915   3995.982 23802.28 -6712.1218  4 
6.7948208e-008  0.00010329648 0.002421967 -0.0019482476   3995.982 23802.28 -6712.1218  4 
6.8448208e-008  0.00010529448 0.0024338681 -0.0019516036   3995.982 23802.28 -6712.1218  4 
6.8948208e-008  0.00010729247 0.0024457692 -0.0019549597   3995.982 23802.28 -6712.1218  4 
6.9448208e-008  0.00010929046 0.0024576704 -0.0019583157   3995.982 23802.28 -6712.1218  4 
6.9948208e-008  0.00011128845 0.0024695715 -0.0019616718   3995.982 23802.28 -6712.1218  4 
7.0278138e-008  0.00011260684 0.0024774246 -0.0019638863   3995.982 25298.828 -6712.1218  17 
7.0626589e-008  0.00011399925 0.00248624 -0.0019662252   3995.982 23802.28 -6712.1218  4 
7.1126589e-008  0.00011599724 0.0024981411 -0.0019695812   3995.982 23802.28 -6712.1218  4 
7.1626589e-008  0.00011799523 0.0025100423 -0.0019729373   3995.982 23802.28 -6712.1218  4 
7.2126589e-008  0.00011999322 0.0025219434 -0.0019762934   3995.982 23802.28 -6712.1218  4 
7.2626589e-008  0.00012199121 0.0025338446 -0.0019796494   3995.982 23802.28 -6712.1218  4 
7.3126589e-008  0.0001239892 0.0025457457 -0.0019830055   3995.982 23802.28 -6712.1218  4 
7.3617302e-008  0.00012595008 0.0025574258 -0.0019862992   3995.982 25298.828 -6712.1218  15 
7.4117302e-008  0.00012794807 0.0025700752 -0.0019896553   3995.982 25298.828 -6712.1218  15 
7.4237932e-008  0.00012843011 0.002573127 -0.0019904649   5442.0621 25577.829 -6977.9577  2 
7.4737932e-008  0.00013115114 0.0025859159 -0.0019939539   5442.0621 25577.829 -6977.9577  2 
7.4865457e-008  0.00013184514 0.0025891777 -0.0019948438   5442.0621 27074.378 -6977.9577  7 
7.5365457e-008  0.00013456617 0.0026027149 -0.0019983328   5442.0621 27074.378 -6977.9577  7 
7.5676492e-008  0.00013625884 0.002611136 -0.0020005032   5151.1189 26038.107 -8017.735  3 
7.6149156e-008  0.00013869359 0.0026234433 -0.0020042929   5151.1189 27534.655 -8017.735  6 
7.6649156e-008  0.00014126915 0.0026372106 -0.0020083017   5151.1189 27534.655 -8017.735  6 
7.6683373e-008  0.00014144541 0.0026381528 -0.0020085761   3874.5683 28288.721 -8221.2684  3 
7.7183373e-008  0.00014338269 0.0026522971 -0.0020126867   3874.5683 28288.721 -8221.2684  3 
7.7488636e-008  0.00014456545 0.0026609326 -0.0020151964   3874.5683 29785.27 -8221.2684  16 
7.7988636e-008  0.00014650274 0.0026758253 -0.002019307   3874.5683 29785.27 -8221.2684  16 
7.8488636e-008  0.00014844002 0.0026907179 -0.0020234176   3874.5683 29785.27 -8221.2684  16 
7.8988636e-008  0.00015037731 0.0027056105 -0.0020275283   3874.5683 29785.27 -8221.2684  16 
7.9488636e-008  0.00015231459 0.0027205032 -0.0020316389   3874.5683 29785.27 -8221.2684  16 
7.9988636e-008  0.00015425187 0.0027353958 -0.0020357495   3874.5683 29785.27 -8221.2684  16 
8.0488636e-008  0.00015618916 0.0027502884 -0.0020398602   3874.5683 29785.27 -8221.2684  16 
8.0988636e-008  0.00015812644 0.0027651811 -0.0020439708   3874.5683 29785.27 -8221.2684  16 
8.1488636e-008  0.00016006373 0.0027800737 -0.0020480814   3874.5683 29785.27 -8221.2684  16 
8.1517135e-008  0.00016017415 0.0027809226 -0.0020483157   3874.5683 28288.721 -8221.2684  4 
8.2017135e-008  0.00016211143 0.0027950669 -0.0020524264   3874.5683 28288.721 -8221.2684  4 
8.2067679e-008  0.00016230727 0.0027964967 -0.0020528419   3874.5683 29785.27 -8221.2684  6 
8.2567679e-008  0.00016424455 0.0028113894 -0.0020569525   3874.5683 29785.27 -8221.2684  6 
8.2765933e-008  0.0001650127 0.0028172944 -0.0020585824   5198.7657 30135.223 -7618.2291  3 
8.3265933e-008  0.00016761208 0.002832362 -0.0020623915   5198.7657 30135.223 -7618.2291  3 
8.3528597e-008  0.00016897761 0.0028402775 -0.0020643926   5198.7657 31631.771 -7618.2291  15 
8.4028597e-008  0.00017157699 0.0028560934 -0.0020682017   5198.7657 31631.771 -7618.2291  15 
8.4528597e-008  0.00017417638 0.0028719092 -0.0020720108   5198.7657 31631.771 -7618.2291  15 
8.5028597e-008  0.00017677576 0.0028877251 -0.0020758199   5198.7657 31631.771 -7618.2291  15 
8.5528597e-008  0.00017937514 0.002903541 -0.002079629   5198.7657 31631.771 -7618.2291  15 
8.6028597e-008  0.00018197453 0.0029193569 -0.0020834381   5198.7657 31631.771 -7618.2291  15 
8.6528597e-008  0.00018457391 0.0029351728 -0.0020872473   5198.7657 31631.771 -7618.2291  15 
8.7028597e-008  0.00018717329 0.0029509887 -0.0020910564   5198.7657 31631.771 -7618.2291  15 
8.7528597e-008  0.00018977267 0.0029668046 -0.0020948655   5198.7657 31631.771 -7618.2291  15 
8.8028597e-008  0.00019237206 0.0029826204 -0.0020986746   5198.7657 31631.771 -7618.2291  15 
8.8528597e-008  0.00019497144 0.0029984363 -0.0021024837   5198.7657 31631.771 -7618.2291  15 
8.9028597e-008  0.00019757082 0.0030142522 -0.0021062928   5198.7657 31631.771 -7618.2291  15 
8.9528597e-008  0.00020017021 0.0030300681 -0.0021101019   5198.7657 31631.771 -7618.2291  15 
8.9618445e-008  0.0002006373 0.0030329101 -0.0021107864   5044.3621 33120.157 -7641.1346  4 
9.0118445e-008  0.00020315949 0.0030494702 -0.002114607   5044.3621 33120.157 -7641.1346  4 
9.0618445e-008  0.00020568167 0.0030660303 -0.0021184276   5044.3621 33120.157 -7641.1346  4 
9.1118445e-008  0.00020820385 0.0030825904 -0.0021222481   5044.3621 33120.157 -7641.1346  4 
9.1618445e-008  0.00021072603 0.0030991505 -0.0021260687   5044.3621 33120.157 -7641.1346  4 
9.2118445e-008  0.00021324821 0.0031157105 -0.0021298893   5044.3621 33120.157 -7641.1346  4 
9.2618445e-008  0.00021577039 0.0031322706 -0.0021337098   5044.3621 33120.157 -7641.1346  4 
9.3118445e-008  0.00021829257 0.0031488307 -0.0021375304   5044.3621 33120.157 -7641.1346  4 
9.3618445e-008  0.00022081475 0.0031653908 -0.002141351   5044.3621 33120.157 -7641.1346  4 
9.4118445e-008  0.00022333693 0.0031819509 -0.0021451715   5044.3621 33120.157 -7641.1346  4 
9.4618445e-008  0.00022585911 0.0031985109 -0.0021489921   5044.3621 33120.157 -7641.1346  4 
9.5118445e-008  0.0002283813 0.003215071 -0.0021528127   5044.3621 33120.157 -7641.1346  4 
9.5618445e-008  0.00023090348 0.0032316311 -0.0021566332   5044.3621 33120.157 -7641.1346  4 
9.6085209e-008  0.00023325801 0.0032470904 -0.0021601998   5044.3621 34616.706 -7641.1346  17 
9.6585209e-008  0.00023578019 0.0032643988 -0.0021640204   5044.3621 34616.706 -7641.1346  17 
9.7085209e-008  0.00023830237 0.0032817071 -0.002167841   5044.3621 34616.706 -7641.1346  17 
9.7585209e-008  0.00024082455 0.0032990155 -0.0021716616   5044.3621 34616.706 -7641.1346  17 
9.8085209e-008  0.00024334673 0.0033163238 -0.0021754821   5044.3621 34616.706 -7641.1346  17 
9.8585209e-008  0.00024586891 0.0033336322 -0.0021793027   5044.3621 34616.706 -7641.1346  17 
9.9085209e-008  0.00024839109 0.0033509405 -0.0021831233   5044.3621 34616.706 -7641.1346  17 
9.9585209e-008  0.00025091327 0.0033682489 -0.0021869438   5044.3621 34616.706 -7641.1346  17 
1.0008521e-007  0.00025343545 0.0033855572 -0.0021907644   5044.3621 34616.706 -7641.1346  17 
1.0058521e-007  0.00025595764 0.0034028656 -0.002194585   5044.3621 34616.706 -7641.1346  17 
1.0108521e-007  0.00025847982 0.0034201739 -0.0021984055   5044.3621 34616.706 -7641.1346  17 
1.0158521e-007  0.000261002 0.0034374823 -0.0022022261   5044.3621 34616.706 -7641.1346  17 
1.0208521e-007  0.00026352418 0.0034547906 -0.0022060467   5044.3621 34616.706 -7641.1346  17 
1.0258521e-007  0.00026604636 0.003472099 -0.0022098672   5044.3621 34616.706 -7641.1346  17 
1.0308521e-007  0.00026856854 0.0034894073 -0.0022136878   5044.3621 34616.706 -7641.1346  17 
1.0358521e-007  0.00027109072 0.0035067157 -0.0022175084   5044.3621 34616.706 -7641.1346  17 
1.0408521e-007  0.0002736129 0.003524024 -0.0022213289   5044.3621 34616.706 -7641.1346  17 
1.0458521e-007  0.00027613508 0.0035413324 -0.0022251495   5044.3621 34616.706 -7641.1346  17 
1.0484766e-007  0.00027745897 0.0035504175 -0.0022271549   5159.1745 34049.27 -9021.168  2 
1.0534766e-007  0.00028003856 0.0035674422 -0.0022316655   5159.1745 34049.27 -9021.168  2 
1.0584766e-007  0.00028261815 0.0035844668 -0.0022361761   5159.1745 34049.27 -9021.168  2 
1.0634766e-007  0.00028519774 0.0036014914 -0.0022406867   5159.1745 34049.27 -9021.168  2 
1.0684766e-007  0.00028777732 0.0036185161 -0.0022451972   5159.1745 34049.27 -9021.168  2 
1.0734766e-007  0.00029035691 0.0036355407 -0.0022497078   5159.1745 34049.27 -9021.168  2 
1.0780896e-007  0.00029273686 0.0036512478 -0.0022538693   5159.1745 35545.818 -9021.168  14 
1.0788934e-007  0.00029315152 0.0036541047 -0.0022545944   3760.9608 35364.695 -9523.0156  3 
1.0838934e-007  0.000295032 0.0036717871 -0.0022593559   3760.9608 35364.695 -9523.0156  3 
1.0888934e-007  0.00029691248 0.0036894694 -0.0022641174   3760.9608 35364.695 -9523.0156  3 
1.0938934e-007  0.00029879296 0.0037071517 -0.0022688789   3760.9608 35364.695 -9523.0156  3 
1.0968606e-007  0.00029990894 0.0037176454 -0.0022717047   3760.9608 36861.244 -9523.0156  17 
1.1018606e-007  0.00030178942 0.003736076 -0.0022764662   3760.9608 36861.244 -9523.0156  17 
1.1068606e-007  0.0003036699 0.0037545067 -0.0022812277   3760.9608 36861.244 -9523.0156  17 
1.1118606e-007  0.00030555038 0.0037729373 -0.0022859892   3760.9608 36861.244 -9523.0156  17 
1.116523e-007  0.00030730387 0.0037901232 -0.0022904291   2857.0451 37319.794 -10624.072  4 
1.121523e-007  0.00030873239 0.0038087831 -0.0022957412   2857.0451 37319.794 -10624.072  4 
1.126523e-007  0.00031016091 0.003827443 -0.0023010532   2857.0451 37319.794 -10624.072  4 
1.131523e-007  0.00031158943 0.0038461029 -0.0023063652   2857.0451 37319.794 -10624.072  4 
1.136523e-007  0.00031301796 0.0038647628 -0.0023116773   2857.0451 37319.794 -10624.072  4 
1.1392697e-007  0.00031380272 0.0038750137 -0.0023145954   2857.0451 38816.343 -10624.072  14 
1.1442697e-007  0.00031523124 0.0038944219 -0.0023199075   2857.0451 38816.343 -10624.072  14 
1.1492697e-007  0.00031665976 0.00391383 -0.0023252195   2857.0451 38816.343 -10624.072  14 
1.1542697e-007  0.00031808829 0.0039332382 -0.0023305316   2857.0451 38816.343 -10624.072  14 
1.1592697e-007  0.00031951681 0.0039526464 -0.0023358436   2857.0451 38816.343 -10624.072  14 
1.1642697e-007  0.00032094533 0.0039720545 -0.0023411556   2857.0451 38816.343 -10624.072  14 
1.1692697e-007  0.00032237385 0.0039914627 -0.0023464677   2857.0451 38816.343 -10624.072  14 
1.1742697e-007  0.00032380238 0.0040108709 -0.0023517797   2857.0451 38816.343 -10624.072  14 
1.1792697e-007  0.0003252309 0.0040302791 -0.0023570917   2857.0451 38816.343 -10624.072  14 
1.1842697e-007  0.00032665942 0.0040496872 -0.0023624038   2857.0451 38816.343 -10624.072  14 
1.1892697e-007  0.00032808794 0.0040690954 -0.0023677158   2857.0451 38816.343 -10624.072  14 
1.1942697e-007  0.00032951647 0.0040885036 -0.0023730278   2857.0451 38816.343 -10624.072  14 
1.1992697e-007  0.00033094499 0.0041079117 -0.0023783399   2857.0451 38816.343 -10624.072  14 
1.2024175e-007  0.00033184431 0.0041201301 -0.0023816841   2857.0451 37319.794 -10624.072  2 
1.2074175e-007  0.00033327283 0.00413879 -0.0023869961   2857.0451 37319.794 -10624.072  2 
1.2124175e-007  0.00033470135 0.0041574499 -0.0023923081   2857.0451 37319.794 -10624.072  2 
1.2174175e-007  0.00033612988 0.0041761098 -0.0023976202   2857.0451 37319.794 -10624.072  2 
1.2186331e-007  0.00033647719 0.0041806465 -0.0023989116   2857.0451 38816.343 -10624.072  16 
1.2236331e-007  0.00033790571 0.0042000546 -0.0024042237   2857.0451 38816.343 -10624.072  16 
1.2286331e-007  0.00033933423 0.0042194628 -0.0024095357   2857.0451 38816.343 -10624.072  16 
1.2336331e-007  0.00034076275 0.004238871 -0.0024148478   2857.0451 38816.343 -10624.072  16 
1.2386331e-007  0.00034219128 0.0042582791 -0.0024201598   2857.0451 38816.343 -10624.072  16 
1.2436331e-007  0.0003436198 0.0042776873 -0.0024254718   2857.0451 38816.343 -10624.072  16 
1.2486331e-007  0.00034504832 0.0042970955 -0.0024307839   2857.0451 38816.343 -10624.072  16 
1.2536331e-007  0.00034647684 0.0043165037 -0.0024360959   2857.0451 38816.343 -10624.072  16 
1.2586331e-007  0.00034790537 0.0043359118 -0.0024414079   2857.0451 38816.343 -10624.072  16 
1.2620958e-007  0.00034889469 0.004349353 -0.0024450868   2955.3411 40220.752 -10116.498  3 
1.2634657e-007  0.00034929952 0.0043548625 -0.0024464726   2955.3411 41717.3 -10116.498  13 
1.2679972e-007  0.00035063873 0.0043737666 -0.0024510569   3580.6157 40357.723 -10100.993  2 
1.2729972e-007  0.00035242904 0.0043939455 -0.0024561073   3580.6157 40357.723 -10100.993  2 
1.2766832e-007  0.00035374888 0.0044088217 -0.0024598307   3580.6157 41854.272 -10100.993  14 
1.2816832e-007  0.00035553919 0.0044297488 -0.0024648812   3580.6157 41854.272 -10100.993  14 
1.2866832e-007  0.0003573295 0.004450676 -0.0024699317   3580.6157 41854.272 -10100.993  14 
1.288324e-007  0.00035791698 0.0044575432 -0.002471589   2235.9207 41462.32 -9573.9005  3 
1.293324e-007  0.00035903494 0.0044782743 -0.0024763759   2235.9207 41462.32 -9573.9005  3 
1.298324e-007  0.0003601529 0.0044990055 -0.0024811629   2235.9207 41462.32 -9573.9005  3 
1.303324e-007  0.00036127086 0.0045197366 -0.0024859498   2235.9207 41462.32 -9573.9005  3 
1.308324e-007  0.00036238882 0.0045404678 -0.0024907368   2235.9207 41462.32 -9573.9005  3 
1.313324e-007  0.00036350679 0.004561199 -0.0024955237   2235.9207 41462.32 -9573.9005  3 
1.318324e-007  0.00036462475 0.0045819301 -0.0025003107   2235.9207 41462.32 -9573.9005  3 
1.323324e-007  0.00036574271 0.0046026613 -0.0025050976   2235.9207 41462.32 -9573.9005  3 
1.328324e-007  0.00036686067 0.0046233924 -0.0025098846   2235.9207 41462.32 -9573.9005  3 
1.333324e-007  0.00036797863 0.0046441236 -0.0025146715   2235.9207 41462.32 -9573.9005  3 
1.338324e-007  0.00036909659 0.0046648548 -0.0025194585   2235.9207 41462.32 -9573.9005  3 
1.343324e-007  0.00037021455 0.0046855859 -0.0025242454   2235.9207 41462.32 -9573.9005  3 
1.348324e-007  0.00037133251 0.0047063171 -0.0025290324   2235.9207 41462.32 -9573.9005  3 
1.353324e-007  0.00037245047 0.0047270482 -0.0025338193   2235.9207 41462.32 -9573.9005  3 
1.358324e-007  0.00037356843 0.0047477794 -0.0025386063   2235.9207 41462.32 -9573.9005  3 
1.363324e-007  0.00037468639 0.0047685106 -0.0025433932   2235.9207 41462.32 -9573.9005  3 
1.368324e-007  0.00037580435 0.0047892417 -0.0025481802   2235.9207 41462.32 -9573.9005  3 
1.373324e-007  0.00037692231 0.0048099729 -0.0025529671   2235.9207 41462.32 -9573.9005  3 
1.378324e-007  0.00037804027 0.004830704 -0.0025577541   2235.9207 41462.32 -9573.9005  3 
1.383324e-007  0.00037915823 0.0048514352 -0.002562541   2235.9207 41462.32 -9573.9005  3 
1.388324e-007  0.00038027619 0.0048721664 -0.002567328   2235.9207 41462.32 -9573.9005  3 
1.393324e-007  0.00038139415 0.0048928975 -0.0025721149   2235.9207 41462.32 -9573.9005  3 
1.398324e-007  0.00038251211 0.0049136287 -0.0025769019   2235.9207 41462.32 -9573.9005  3 
1.403324e-007  0.00038363007 0.0049343598 -0.0025816888   2235.9207 41462.32 -9573.9005  3 
1.408324e-007  0.00038474803 0.004955091 -0.0025864758   2235.9207 41462.32 -9573.9005  3 
1.413324e-007  0.00038586599 0.0049758222 -0.0025912627   2235.9207 41462.32 -9573.9005  3 
1.418324e-007  0.00038698395 0.0049965533 -0.0025960497   2235.9207 41462.32 -9573.9005  3 
1.423324e-007  0.00038810191 0.0050172845 -0.0026008366   2235.9207 41462.32 -9573.9005  3 
1.428324e-007  0.00038921987 0.0050380156 -0.0026056236   2235.9207 41462.32 -9573.9005  3 
1.433324e-007  0.00039033783 0.0050587468 -0.0026104105   2235.9207 41462.32 -9573.9005  3 
1.438324e-007  0.00039145579 0.005079478 -0.0026151975   2235.9207 41462.32 -9573.9005  3 
1.443324e-007  0.00039257375 0.0051002091 -0.0026199844   2235.9207 41462.32 -9573.9005  3 
1.448324e-007  0.00039369171 0.0051209403 -0.0026247714   2235.9207 41462.32 -9573.9005  3 
1.453324e-007  0.00039480967 0.0051416714 -0.0026295583   2235.9207 41462.32 -9573.9005  3 
1.4561742e-007  0.00039544697 0.0051534893 -0.0026322871   2235.9207 42958.868 -9573.9005  8 
1.4611742e-007  0.00039656493 0.0051749687 -0.0026370741   2235.9207 42958.868 -9573.9005  8 
1.4652716e-007  0.00039748107 0.0051925706 -0.0026409969   2235.9207 41462.32 -9573.9005  3 
1.4702716e-007  0.00039859903 0.0052133017 -0.0026457838   2235.9207 41462.32 -9573.9005  3 
1.4752716e-007  0.00039971699 0.0052340329 -0.0026505708   2235.9207 41462.32 -9573.9005  3 
1.4802716e-007  0.00040083495 0.0052547641 -0.0026553577   2235.9207 41462.32 -9573.9005  3 
1.4852716e-007  0.00040195291 0.0052754952 -0.0026601447   2235.9207 41462.32 -9573.9005  3 
1.4902716e-007  0.00040307087 0.0052962264 -0.0026649316   2235.9207 41462.32 -9573.9005  3 
1.4952716e-007  0.00040418883 0.0053169575 -0.0026697186   2235.9207 41462.32 -9573.9005  3 
1.5002716e-007  0.00040530679 0.0053376887 -0.0026745055   2235.9207 41462.32 -9573.9005  3 
1.5052716e-007  0.00040642475 0.0053584199 -0.0026792925   2235.9207 41462.32 -9573.9005  3 
1.5102716e-007  0.00040754271 0.005379151 -0.0026840794   2235.9207 41462.32 -9573.9005  3 
1.5152716e-007  0.00040866068 0.0053998822 -0.0026888664   2235.9207 41462.32 -9573.9005  3 
1.5170122e-007  0.00040904986 0.0054070992 -0.0026905328   2235.9207 42958.868 -9573.9005  17 
1.5220122e-007  0.00041016782 0.0054285786 -0.0026953198   2235.9207 42958.868 -9573.9005  17 
1.5270122e-007  0.00041128578 0.005450058 -0.0027001067   2235.9207 42958.868 -9573.9005  17 
1.5299507e-007  0.00041194281 0.0054626815 -0.00270292   892.17981 42655.53 -8989.0894  2 
1.5349507e-007  0.0004123889 0.0054840093 -0.0027074146   892.17981 42655.53 -8989.0894  2 
1.5361389e-007  0.00041249491 0.0054890777 -0.0027084827   1254.7867 42657.819 -9017.1161  0 
1.5411389e-007  0.0004131223 0.0055104066 -0.0027129912   1254.7867 42657.819 -9017.1161  0 
1.5461389e-007  0.0004137497 0.0055317355 -0.0027174998   1254.7867 42657.819 -9017.1161  0 
1.5511389e-007  0.00041437709 0.0055530644 -0.0027220083   1254.7867 42657.819 -9017.1161  0 
1.5561389e-007  0.00041500448 0.0055743933 -0.0027265169   1254.7867 42657.819 -9017.1161  0 
1.5611389e-007  0.00041563188 0.0055957222 -0.0027310254   1254.7867 42657.819 -9017.1161  0 
1.5661389e-007  0.00041625927 0.0056170511 -0.002735534   1254.7867 42657.819 -9017.1161  0 
1.5711389e-007  0.00041688666 0.00563838 -0.0027400426   1254.7867 42657.819 -9017.1161  0 
1.5761389e-007  0.00041751406 0.0056597089 -0.0027445511   1254.7867 42657.819 -9017.1161  0 
1.5811389e-007  0.00041814145 0.0056810379 -0.0027490597   1254.7867 42657.819 -9017.1161  0 
1.5861389e-007  0.00041876884 0.0057023668 -0.0027535682   1254.7867 42657.819 -9017.1161  0 
1.5911389e-007  0.00041939624 0.0057236957 -0.0027580768   1254.7867 42657.819 -9017.1161  0 
1.5961389e-007  0.00042002363 0.0057450246 -0.0027625853   1254.7867 42657.819 -9017.1161  0 
1.6011389e-007  0.00042065102 0.0057663535 -0.0027670939   1254.7867 42657.819 -9017.1161  0 
1.6061389e-007  0.00042127842 0.0057876824 -0.0027716025   1254.7867 42657.819 -9017.1161  0 
1.6111389e-007  0.00042190581 0.0058090113 -0.002776111   1254.7867 42657.819 -9017.1161  0 
1.6161389e-007  0.0004225332 0.0058303402 -0.0027806196   1254.7867 42657.819 -9017.1161  0 
1.6211389e-007  0.0004231606 0.0058516691 -0.0027851281   1254.7867 42657.819 -9017.1161  0 
1.6261389e-007  0.00042378799 0.005872998 -0.0027896367   1254.7867 42657.819 -9017.1161  0 
1.6311389e-007  0.00042441538 0.005894327 -0.0027941453   1254.7867 42657.819 -9017.1161  0 
1.6361389e-007  0.00042504278 0.0059156559 -0.0027986538   1254.7867 42657.819 -9017.1161  0 
1.6411389e-007  0.00042567017 0.0059369848 -0.0028031624   1254.7867 42657.819 -9017.1161  0 
1.6461389e-007  0.00042629756 0.0059583137 -0.0028076709   1254.7867 42657.819 -9017.1161  0 
1.6511389e-007  0.00042692496 0.0059796426 -0.0028121795   1254.7867 42657.819 -9017.1161  0 
1.6561389e-007  0.00042755235 0.0060009715 -0.002816688   1254.7867 42657.819 -9017.1161  0 
1.6611389e-007  0.00042817974 0.0060223004 -0.0028211966   1254.7867 42657.819 -9017.1161  0 
1.6661389e-007  0.00042880714 0.0060436293 -0.0028257052   1254.7867 42657.819 -9017.1161  0 
1.6711389e-007  0.00042943453 0.0060649582 -0.0028302137   1254.7867 42657.819 -9017.1161  0 
1.6761389e-007  0.00043006192 0.0060862871 -0.0028347223   1254.7867 42657.819 -9017.1161  0 
1.6811389e-007  0.00043068932 0.006107616 -0.0028392308   1254.7867 42657.819 -9017.1161  0 
1.6861389e-007  0.00043131671 0.006128945 -0.0028437394   1254.7867 42657.819 -9017.1161  0 
1.6911389e-007  0.0004319441 0.0061502739 -0.002848248   1254.7867 42657.819 -9017.1161  0 
1.6961389e-007  0.0004325715 0.0061716028 -0.0028527565   1254.7867 42657.819 -9017.1161  0 
1.7011389e-007  0.00043319889 0.0061929317 -0.0028572651   1254.7867 42657.819 -9017.1161  0 
1.7061389e-007  0.00043382628 0.0062142606 -0.0028617736   1254.7867 42657.819 -9017.1161  0 
1.7111389e-007  0.00043445368 0.0062355895 -0.0028662822   1254.7867 42657.819 -9017.1161  0 
1.7161389e-007  0.00043508107 0.0062569184 -0.0028707907   1254.7867 42657.819 -9017.1161  0 
1.7211389e-007  0.00043570846 0.0062782473 -0.0028752993   1254.7867 42657.819 -9017.1161  0 
1.7261389e-007  0.00043633586 0.0062995762 -0.0028798079   1254.7867 42657.819 -9017.1161  0 
1.7311389e-007  0.00043696325 0.0063209051 -0.0028843164   1254.7867 42657.819 -9017.1161  0 
1.7361389e-007  0.00043759064 0.006342234 -0.002888825   1254.7867 42657.819 -9017.1161  0 
1.7411389e-007  0.00043821804 0.006363563 -0.0028933335   1254.7867 42657.819 -9017.1161  0 
1.7461389e-007  0.00043884543 0.0063848919 -0.0028978421   1254.7867 42657.819 -9017.1161  0 
1.7511389e-007  0.00043947282 0.0064062208 -0.0029023506   1254.7867 42657.819 -9017.1161  0 
1.7561389e-007  0.00044010022 0.0064275497 -0.0029068592   1254.7867 42657.819 -9017.1161  0 
1.7611389e-007  0.00044072761 0.0064488786 -0.0029113678   1254.7867 42657.819 -9017.1161  0 
1.7661389e-007  0.000441355 0.0064702075 -0.0029158763   1254.7867 42657.819 -9017.1161  0 
1.7711389e-007  0.0004419824 0.0064915364 -0.0029203849   1254.7867 42657.819 -9017.1161  0 
1.7761389e-007  0.00044260979 0.0065128653 -0.0029248934   1254.7867 42657.819 -9017.1161  0 
1.7811389e-007  0.00044323718 0.0065341942 -0.002929402   1254.7867 42657.819 -9017.1161  0 
1.7861389e-007  0.00044386458 0.0065555231 -0.0029339106   1254.7867 42657.819 -9017.1161  0 
1.7911389e-007  0.00044449197 0.006576852 -0.0029384191   1254.7867 42657.819 -9017.1161  0 
1.7961389e-007  0.00044511936 0.006598181 -0.0029429277   1254.7867 42657.819 -9017.1161  0 
1.8011389e-007  0.00044574676 0.0066195099 -0.0029474362   1254.7867 42657.819 -9017.1161  0 
1.8061389e-007  0.00044637415 0.0066408388 -0.0029519448   1254.7867 42657.819 -9017.1161  0 
1.8111389e-007  0.00044700154 0.0066621677 -0.0029564533   1254.7867 42657.819 -9017.1161  0 
1.8161389e-007  0.00044762894 0.0066834966 -0.0029609619   1254.7867 42657.819 -9017.1161  0 
1.8211389e-007  0.00044825633 0.0067048255 -0.0029654705   1254.7867 42657.819 -9017.1161  0 
1.8261389e-007  0.00044888372 0.0067261544 -0.002969979   1254.7867 42657.819 -9017.1161  0 
1.8311389e-007  0.00044951112 0.0067474833 -0.0029744876   1254.7867 42657.819 -9017.1161  0 
1.8361389e-007  0.00045013851 0.0067688122 -0.0029789961   1254.7867 42657.819 -9017.1161  0 
1.8411389e-007  0.0004507659 0.0067901411 -0.0029835047   1254.7867 42657.819 -9017.1161  0 
1.8461389e-007  0.0004513933 0.0068114701 -0.0029880133   1254.7867 42657.819 -9017.1161  0 
1.8511389e-007  0.00045202069 0.006832799 -0.0029925218   1254.7867 42657.819 -9017.1161  0 
1.8561389e-007  0.00045264808 0.0068541279 -0.0029970304   1254.7867 42657.819 -9017.1161  0 
1.8611389e-007  0.00045327548 0.0068754568 -0.0030015389   1254.7867 42657.819 -9017.1161  0 
1.8661389e-007  0.00045390287 0.0068967857 -0.0030060475   1254.7867 42657.819 -9017.1161  0 
1.8711389e-007  0.00045453026 0.0069181146 -0.003010556   1254.7867 42657.819 -9017.1161  0 
1.8761389e-007  0.00045515766 0.0069394435 -0.0030150646   1254.7867 42657.819 -9017.1161  0 
1.8811389e-007  0.00045578505 0.0069607724 -0.0030195732   1254.7867 42657.819 -9017.1161  0 
1.8861389e-007  0.00045641244 0.0069821013 -0.0030240817   1254.7867 42657.819 -9017.1161  0 
1.8911389e-007  0.00045703984 0.0070034302 -0.0030285903   1254.7867 42657.819 -9017.1161  0 
1.8961389e-007  0.00045766723 0.0070247591 -0.0030330988   1254.7867 42657.819 -9017.1161  0 
1.9011389e-007  0.00045829462 0.0070460881 -0.0030376074   1254.7867 42657.819 -9017.1161  0 
1.9061389e-007  0.00045892202 0.007067417 -0.0030421159   1254.7867 42657.819 -9017.1161  0 
1.9111389e-007  0.00045954941 0.0070887459 -0.0030466245   1254.7867 42657.819 -9017.1161  0 
1.9161389e-007  0.0004601768 0.0071100748 -0.0030511331   1254.7867 42657.819 -9017.1161  0 
1.9211389e-007  0.0004608042 0.0071314037 -0.0030556416   1254.7867 42657.819 -9017.1161  0 
1.9261389e-007  0.00046143159 0.0071527326 -0.0030601502   1254.7867 42657.819 -9017.1161  0 
1.9311389e-007  0.00046205898 0.0071740615 -0.0030646587   1254.7867 42657.819 -9017.1161  0 
1.9361389e-007  0.00046268638 0.0071953904 -0.0030691673   1254.7867 42657.819 -9017.1161  0 
1.9411389e-007  0.00046331377 0.0072167193 -0.0030736759   1254.7867 42657.819 -9017.1161  0 
1.9461389e-007  0.00046394116 0.0072380482 -0.0030781844   1254.7867 42657.819 -9017.1161  0 
1.9511389e-007  0.00046456856 0.0072593771 -0.003082693   1254.7867 42657.819 -9017.1161  0 
1.9561389e-007  0.00046519595 0.0072807061 -0.0030872015   1254.7867 42657.819 -9017.1161  0 
1.9611389e-007  0.00046582334 0.007302035 -0.0030917101   1254.7867 42657.819 -9017.1161  0 
1.9661389e-007  0.00046645074 0.0073233639 -0.0030962186   1254.7867 42657.819 -9017.1161  0 
1.9711389e-007  0.00046707813 0.0073446928 -0.0031007272   1254.7867 42657.819 -9017.1161  0 
1.9761389e-007  0.00046770552 0.0073660217 -0.0031052358   1254.7867 42657.819 -9017.1161  0 
1.9811389e-007  0.00046833292 0.0073873506 -0.0031097443   1254.7867 42657.819 -9017.1161  0 
1.9861389e-007  0.00046896031 0.0074086795 -0.0031142529   1254.7867 42657.819 -9017.1161  0 
1.9911389e-007  0.0004695877 0.0074300084 -0.0031187614   1254.7867 42657.819 -9017.1161  0 
1.9961389e-007  0.0004702151 0.0074513373 -0.00312327   1254.7867 42657.819 -9017.1161  0 
2.0011389e-007  0.00047084249 0.0074726662 -0.0031277786   1254.7867 42657.819 -9017.1161  0 
2.0061389e-007  0.00047146988 0.0074939952 -0.0031322871   1254.7867 42657.819 -9017.1161  0 
2.0111389e-007  0.00047209728 0.0075153241 -0.0031367957   1254.7867 42657.819 -9017.1161  0 
2.0161389e-007  0.00047272467 0.007536653 -0.0031413042   1254.7867 42657.819 -9017.1161  0 
2.0211389e-007  0.00047335206 0.0075579819 -0.0031458128   1254.7867 42657.819 -9017.1161  0 
2.0261389e-007  0.00047397946 0.0075793108 -0.0031503213   1254.7867 42657.819 -9017.1161  0 
2.0311389e-007  0.00047460685 0.0076006397 -0.0031548299   1254.7867 42657.819 -9017.1161  0 
2.0361389e-007  0.00047523424 0.0076219686 -0.0031593385   1254.7867 42657.819 -9017.1161  0 
2.0411389e-007  0.00047586164 0.0076432975 -0.003163847   1254.7867 42657.819 -9017.1161  0 
2.0461389e-007  0.00047648903 0.0076646264 -0.0031683556   1254.7867 42657.819 -9017.1161  0 
2.0511389e-007  0.00047711642 0.0076859553 -0.0031728641   1254.7867 42657.819 -9017.1161  0 
2.0561389e-007  0.00047774382 0.0077072842 -0.0031773727   1254.7867 42657.819 -9017.1161  0 
2.0611389e-007  0.00047837121 0.0077286132 -0.0031818812   1254.7867 42657.819 -9017.1161  0 
2.0661389e-007  0.0004789986 0.0077499421 -0.0031863898   1254.7867 42657.819 -9017.1161  0 
2.0711389e-007  0.000479626 0.007771271 -0.0031908984   1254.7867 42657.819 -9017.1161  0 
2.0761389e-007  0.00048025339 0.0077925999 -0.0031954069   1254.7867 42657.819 -9017.1161  0 
2.0811389e-007  0.00048088078 0.0078139288 -0.0031999155   1254.7867 42657.819 -9017.1161  0 
2.0861389e-007  0.00048150818 0.0078352577 -0.003204424   1254.7867 42657.819 -9017.1161  0 
2.0911389e-007  0.00048213557 0.0078565866 -0.0032089326   1254.7867 42657.819 -9017.1161  0 
2.0961389e-007  0.00048276296 0.0078779155 -0.0032134412   1254.7867 42657.819 -9017.1161  0 
2.1011389e-007  0.00048339036 0.0078992444 -0.0032179497   1254.7867 42657.819 -9017.1161  0 
2.1061389e-007  0.00048401775 0.0079205733 -0.0032224583   1254.7867 42657.819 -9017.1161  0 
2.1111389e-007  0.00048464514 0.0079419022 -0.0032269668   1254.7867 42657.819 -9017.1161  0 
2.1161389e-007  0.00048527254 0.0079632312 -0.0032314754   1254.7867 42657.819 -9017.1161  0 
2.1211389e-007  0.00048589993 0.0079845601 -0.0032359839   1254.7867 42657.819 -9017.1161  0 
2.1261389e-007  0.00048652732 0.008005889 -0.0032404925   1254.7867 42657.819 -9017.1161  0 
2.1311389e-007  0.00048715472 0.0080272179 -0.0032450011   1254.7867 42657.819 -9017.1161  0 
2.1361389e-007  0.00048778211 0.0080485468 -0.0032495096   1254.7867 42657.819 -9017.1161  0 
2.1411389e-007  0.0004884095 0.0080698757 -0.0032540182   1254.7867 42657.819 -9017.1161  0 
2.1461389e-007  0.0004890369 0.0080912046 -0.0032585267   1254.7867 42657.819 -9017.1161  0 
2.1511389e-007  0.00048966429 0.0081125335 -0.0032630353   1254.7867 42657.819 -9017.1161  0 
2.1561389e-007  0.00049029168 0.0081338624 -0.0032675439   1254.7867 42657.819 -9017.1161  0 
2.1611389e-007  0.00049091908 0.0081551913 -0.0032720524   1254.7867 42657.819 -9017.1161  0 
2.1661389e-007  0.00049154647 0.0081765203 -0.003276561   1254.7867 42657.819 -9017.1161  0 
2.1711389e-007  0.00049217386 0.0081978492 -0.0032810695   1254.7867 42657.819 -9017.1161  0 
2.1761389e-007  0.00049280126 0.0082191781 -0.0032855781   1254.7867 42657.819 -9017.1161  0 
2.1811389e-007  0.00049342865 0.008240507 -0.0032900866   1254.7867 42657.819 -9017.1161  0 
2.1861389e-007  0.00049405604 0.0082618359 -0.0032945952   1254.7867 42657.819 -9017.1161  0 
2.1911389e-007  0.00049468344 0.0082831648 -0.0032991038   1254.7867 42657.819 -9017.1161  0 
2.1961389e-007  0.00049531083 0.0083044937 -0.0033036123   1254.7867 42657.819 -9017.1161  0 
2.2011389e-007  0.00049593822 0.0083258226 -0.0033081209   1254.7867 42657.819 -9017.1161  0 
2.2061389e-007  0.00049656562 0.0083471515 -0.0033126294   1254.7867 42657.819 -9017.1161  0 
2.2111389e-007  0.00049719301 0.0083684804 -0.003317138   1254.7867 42657.819 -9017.1161  0 
2.2161389e-007  0.0004978204 0.0083898093 -0.0033216465   1254.7867 42657.819 -9017.1161  0 
2.2211389e-007  0.0004984478 0.0084111383 -0.0033261551   1254.7867 42657.819 -9017.1161  0 
2.2261389e-007  0.00049907519 0.0084324672 -0.0033306637   1254.7867 42657.819 -9017.1161  0 
2.2311389e-007  0.00049970258 0.0084537961 -0.0033351722   1254.7867 42657.819 -9017.1161  0 
2.2361389e-007  0.00050032998 0.008475125 -0.0033396808   1254.7867 42657.819 -9017.1161  0 
2.2411389e-007  0.00050095737 0.0084964539 -0.0033441893   1254.7867 42657.819 -9017.1161  0 
2.2461389e-007  0.00050158476 0.0085177828 -0.0033486979   1254.7867 42657.819 -9017.1161  0 
2.2511389e-007  0.00050221216 0.0085391117 -0.0033532065   1254.7867 42657.819 -9017.1161  0 
2.2561389e-007  0.00050283955 0.0085604406 -0.003357715   1254.7867 42657.819 -9017.1161  0 
2.2611389e-007  0.00050346694 0.0085817695 -0.0033622236   1254.7867 42657.819 -9017.1161  0 
2.2661389e-007  0.00050409434 0.0086030984 -0.0033667321   1254.7867 42657.819 -9017.1161  0 
2.2711389e-007  0.00050472173 0.0086244273 -0.0033712407   1254.7867 42657.819 -9017.1161  0 
2.2761389e-007  0.00050534912 0.0086457563 -0.0033757492   1254.7867 42657.819 -9017.1161  0 
2.2811389e-007  0.00050597652 0.0086670852 -0.0033802578   1254.7867 42657.819 -9017.1161  0 
2.2861389e-007  0.00050660391 0.0086884141 -0.0033847664   1254.7867 42657.819 -9017.1161  0 
2.2911389e-007  0.0005072313 0.008709743 -0.0033892749   1254.7867 42657.819 -9017.1161  0 
2.2961389e-007  0.0005078587 0.0087310719 -0.0033937835   1254.7867 42657.819 -9017.1161  0 
2.3011389e-007  0.00050848609 0.0087524008 -0.003398292   1254.7867 42657.819 -9017.1161  0 
2.3061389e-007  0.00050911348 0.0087737297 -0.0034028006   1254.7867 42657.819 -9017.1161  0 
2.3111389e-007  0.00050974088 0.0087950586 -0.0034073092   1254.7867 42657.819 -9017.1161  0 
2.3161389e-007  0.00051036827 0.0088163875 -0.0034118177   1254.7867 42657.819 -9017.1161  0 
2.3211389e-007  0.00051099566 0.0088377164 -0.0034163263   1254.7867 42657.819 -9017.1161  0 
2.3261389e-007  0.00051162306 0.0088590454 -0.0034208348   1254.7867 42657.819 -9017.1161  0 
2.3311389e-007  0.00051225045 0.0088803743 -0.0034253434   1254.7867 42657.819 -9017.1161  0 
2.3361389e-007  0.00051287784 0.0089017032 -0.0034298519   1254.7867 42657.819 -9017.1161  0 
2.3411389e-007  0.00051350524 0.0089230321 -0.0034343605   1254.7867 42657.819 -9017.1161  0 
2.3461389e-007  0.00051413263 0.008944361 -0.0034388691   1254.7867 42657.819 -9017.1161  0 
2.3511389e-007  0.00051476003 0.0089656899 -0.0034433776   1254.7867 42657.819 -9017.1161  0 
2.3561389e-007  0.00051538742 0.0089870188 -0.0034478862   1254.7867 42657.819 -9017.1161  0 
2.3611389e-007  0.00051601481 0.0090083477 -0.0034523947   1254.7867 42657.819 -9017.1161  0 
2.3661389e-007  0.00051664221 0.0090296766 -0.0034569033   1254.7867 42657.819 -9017.1161  0 
2.3711389e-007  0.0005172696 0.0090510055 -0.0034614118   1254.7867 42657.819 -9017.1161  0 
2.3761389e-007  0.00051789699 0.0090723344 -0.0034659204   1254.7867 42657.819 -9017.1161  0 
2.3811389e-007  0.00051852439 0.0090936634 -0.003470429   1254.7867 42657.819 -9017.1161  0 
2.3861389e-007  0.00051915178 0.0091149923 -0.0034749375   1254.7867 42657.819 -9017.1161  0 
2.3911389e-007  0.00051977917 0.0091363212 -0.0034794461   1254.7867 42657.819 -9017.1161  0 
2.3961389e-007  0.00052040657 0.0091576501 -0.0034839546   1254.7867 42657.819 -9017.1161  0 
