0  -9.1792876e-005 0.0013017133 -0.0018196958   0 0 0  2 
2.8119694e-011  -9.1792876e-005 0.0013017133 -0.0018196958   1496.5487 0 -2.7575999e-010  9 
3.2687861e-010  -9.1345768e-005 0.0013017133 -0.0018196958   0 0 -3.2055841e-009  4 
3.9202026e-010  -9.1345768e-005 0.0013017133 -0.0018196958   1496.5487 0 -3.8444055e-009  7 
4.3617068e-010  -9.1279695e-005 0.0013017133 -0.0018196958   0 0 -4.2773732e-009  4 
4.9849978e-010  -9.1279695e-005 0.0013017133 -0.0018196958   1496.5487 0 -4.8886129e-009  13 
5.6472979e-010  -9.1180579e-005 0.0013017133 -0.0018196958   0 0 -5.5381074e-009  4 
6.9780483e-010  -9.1180579e-005 0.0013017133 -0.0018196958   1496.5487 0 -6.8431277e-009  9 
1.1978048e-009  -9.0432304e-005 0.0013017133 -0.0018196958   1496.5487 0 -1.1746453e-008  9 
1.3999567e-009  -9.0129774e-005 0.0013017133 -0.0018196958   0 0 -1.3728885e-008  4 
1.562072e-009  -9.0129774e-005 0.0013017133 -0.0018196958   1496.5487 0 -1.5318694e-008  15 
1.6005967e-009  -9.007212e-005 0.0013017133 -0.0018196958   0 0 -1.5696491e-008  2 
1.664351e-009  -9.007212e-005 0.0013017133 -0.0018196958   1496.5487 0 -1.6321707e-008  6 
1.6806599e-009  -9.0047713e-005 0.0013017133 -0.0018196958   0 0 -1.6481644e-008  2 
1.7312896e-009  -9.0047713e-005 0.0013017133 -0.0018196958   1496.5487 0 -1.6978151e-008  9 
1.7478917e-009  -9.0022867e-005 0.0013017133 -0.0018196958   0 0 -1.7140962e-008  2 
1.7602135e-009  -9.0022867e-005 0.0013017133 -0.0018196958   1496.5487 0 -1.7261798e-008  7 
1.908468e-009  -8.9800997e-005 0.0013017133 -0.0018196958   0 0 -1.8715678e-008  2 
1.9316794e-009  -8.9800997e-005 0.0013017133 -0.0018196958   1496.5487 0 -1.8943304e-008  8 
1.9666553e-009  -8.9748654e-005 0.0013017133 -0.0018196958   0 0 -1.9286301e-008  4 
1.9881779e-009  -8.9748654e-005 0.0013017133 -0.0018196958   1496.5487 0 -1.9497365e-008  8 
2.076437e-009  -8.961657e-005 0.0013017133 -0.0018196958   0 0 -2.0362891e-008  2 
2.1335792e-009  -8.961657e-005 0.0013017133 -0.0018196958   1496.5487 0 -2.0923264e-008  14 
2.2067755e-009  -8.9507028e-005 0.0013017133 -0.0018196958   0 0 -2.1641075e-008  4 
2.2952325e-009  -8.9507028e-005 0.0013017133 -0.0018196958   1496.5487 0 -2.2508541e-008  15 
2.3532491e-009  -8.9420203e-005 0.0013017133 -0.0018196958   0 0 -2.3077491e-008  3 
2.413204e-009  -8.9420203e-005 0.0013017133 -0.0018196958   1496.5487 0 -2.3665447e-008  14 
2.5721245e-009  -8.9182371e-005 0.0013017133 -0.0018196958   0 0 -2.5223925e-008  4 
2.7086109e-009  -8.9182371e-005 0.0013017133 -0.0018196958   1496.5487 0 -2.6562399e-008  9 
2.9771025e-009  -8.878056e-005 0.0013017133 -0.0018196958   357.63368 827.12776 -508.30537  2 
3.1469852e-009  -8.8719805e-005 0.0013018538 -0.0018197822   1854.1824 827.12776 -508.30537  6 
3.3169087e-009  -8.8404735e-005 0.0013019944 -0.0018198685   3330.5646 1032.4626 -375.05657  3 
3.3500657e-009  -8.8294304e-005 0.0013020286 -0.001819881   4827.1133 1032.4626 -375.05657  13 
3.8500657e-009  -8.5880747e-005 0.0013025448 -0.0018200685   4827.1133 1032.4626 -375.05657  13 
4.0804441e-009  -8.4768685e-005 0.0013027827 -0.0018201549   3330.5646 1032.4626 -375.05657  4 
4.1457108e-009  -8.455131e-005 0.0013028501 -0.0018201794   4827.1133 1032.4626 -375.05657  7 
4.323847e-009  -8.3691426e-005 0.001303034 -0.0018202462   3330.5646 1032.4626 -375.05657  4 
4.4894522e-009  -8.3139867e-005 0.001303205 -0.0018203083   4827.1133 1032.4626 -375.05657  8 
4.9894522e-009  -8.0726311e-005 0.0013037212 -0.0018204958   4827.1133 1032.4626 -375.05657  8 
5.4894522e-009  -7.8312754e-005 0.0013042374 -0.0018206834   4827.1133 1032.4626 -375.05657  8 
5.9067955e-009  -7.6298191e-005 0.0013046683 -0.0018208399   3330.5646 1032.4626 -375.05657  4 
5.9817368e-009  -7.6048594e-005 0.0013047457 -0.001820868   4827.1133 1032.4626 -375.05657  7 
6.0850573e-009  -7.5549854e-005 0.0013048524 -0.0018209068   3330.5646 1032.4626 -375.05657  4 
6.2271965e-009  -7.507645e-005 0.0013049991 -0.0018209601   4827.1133 1032.4626 -375.05657  17 
6.6238292e-009  -7.316186e-005 0.0013054086 -0.0018211088   3330.5646 1032.4626 -375.05657  2 
6.8332291e-009  -7.246444e-005 0.0013056248 -0.0018211874   4827.1133 1032.4626 -375.05657  17 
7.3332291e-009  -7.0050883e-005 0.0013061411 -0.0018213749   4827.1133 1032.4626 -375.05657  17 
7.8332291e-009  -6.7637326e-005 0.0013066573 -0.0018215624   4827.1133 1032.4626 -375.05657  17 
8.3332291e-009  -6.522377e-005 0.0013071735 -0.0018217499   4827.1133 1032.4626 -375.05657  17 
8.8332291e-009  -6.2810213e-005 0.0013076898 -0.0018219375   4827.1133 1032.4626 -375.05657  17 
9.2715058e-009  -6.0694602e-005 0.0013081423 -0.0018221019   3330.5646 1032.4626 -375.05657  2 
9.5800238e-009  -5.9667062e-005 0.0013084608 -0.0018222176   4827.1133 1032.4626 -375.05657  7 
9.7983493e-009  -5.861318e-005 0.0013086862 -0.0018222995   3330.5646 1032.4626 -375.05657  4 
9.8387648e-009  -5.8478574e-005 0.0013087279 -0.0018223146   4827.1133 1032.4626 -375.05657  9 
1.0154519e-008  -5.6954391e-005 0.0013090539 -0.001822433   3330.5646 1032.4626 -375.05657  2 
1.0412512e-008  -5.609513e-005 0.0013093203 -0.0018225298   4827.1133 1032.4626 -375.05657  14 
1.0578294e-008  -5.5294881e-005 0.0013094915 -0.001822592   4651.5828 870.01607 1102.2579  3 
1.0631193e-008  -5.5048819e-005 0.0013095375 -0.0018225337   6148.1315 870.01607 1102.2579  17 
1.0807854e-008  -5.3962683e-005 0.0013096912 -0.0018223389   4651.5828 870.01607 1102.2579  4 
1.086871e-008  -5.3679606e-005 0.0013097441 -0.0018222719   6148.1315 870.01607 1102.2579  9 
1.1343468e-008  -5.0760728e-005 0.0013101572 -0.0018217486   4651.5828 870.01607 1102.2579  2 
1.1491647e-008  -5.0071461e-005 0.0013102861 -0.0018215852   6148.1315 870.01607 1102.2579  6 
1.164357e-008  -4.9137418e-005 0.0013104183 -0.0018214178   4651.5828 870.01607 1102.2579  2 
1.1645025e-008  -4.9130652e-005 0.0013104196 -0.0018214162   6148.1315 870.01607 1102.2579  6 
1.2145025e-008  -4.6056586e-005 0.0013108546 -0.001820865   6148.1315 870.01607 1102.2579  6 
1.2245034e-008  -4.5441715e-005 0.0013109416 -0.0018207548   4651.5828 870.01607 1102.2579  2 
1.2342049e-008  -4.4990444e-005 0.001311026 -0.0018206479   6148.1315 870.01607 1102.2579  8 
1.2348936e-008  -4.4948101e-005 0.001311032 -0.0018206403   4651.5828 870.01607 1102.2579  2 
1.2469416e-008  -4.4387679e-005 0.0013111368 -0.0018205075   6148.1315 870.01607 1102.2579  9 
1.2599861e-008  -4.3585684e-005 0.0013112503 -0.0018203637   4651.5828 870.01607 1102.2579  2 
1.2676157e-008  -4.3230787e-005 0.0013113167 -0.0018202796   6148.1315 870.01607 1102.2579  6 
1.2846925e-008  -4.2180881e-005 0.0013114652 -0.0018200914   7124.9749 1783.5782 1773.6769  4 
1.3031126e-008  -4.0868459e-005 0.0013117938 -0.0018197646   8621.5236 1783.5782 1773.6769  9 
1.3386217e-008  -3.7807032e-005 0.0013124271 -0.0018191348   7462.5293 2424.3092 2470.6976  2 
1.3393495e-008  -3.775272e-005 0.0013124447 -0.0018191168   8959.0779 2424.3092 2470.6976  6 
1.3893495e-008  -3.3273181e-005 0.0013136569 -0.0018178815   8959.0779 2424.3092 2470.6976  6 
1.4393495e-008  -2.8793642e-005 0.001314869 -0.0018166461   8959.0779 2424.3092 2470.6976  6 
1.4507679e-008  -2.7770659e-005 0.0013151459 -0.001816364   7462.5293 2424.3092 2470.6976  2 
1.4599559e-008  -2.7084998e-005 0.0013153686 -0.001816137   8959.0779 2424.3092 2470.6976  8 
1.5013566e-008  -2.3375883e-005 0.0013163723 -0.0018151141   10360.712 1907.9446 2378.8777  3 
1.5228967e-008  -2.1144167e-005 0.0013167833 -0.0018146017   11857.261 1907.9446 2378.8777  14 
1.5427622e-008  -1.878867e-005 0.0013171623 -0.0018141292   10360.712 1907.9446 2378.8777  3 
1.5731382e-008  -1.5641496e-005 0.0013177418 -0.0018134065   11857.261 1907.9446 2378.8777  16 
1.5887915e-008  -1.3785445e-005 0.0013180405 -0.0018130342   11986.997 3003.6621 3389.9313  4 
1.6387915e-008  -7.7919467e-006 0.0013195423 -0.0018113392   11986.997 3003.6621 3389.9313  4 
1.6733831e-008  -3.6454556e-006 0.0013205813 -0.0018101666   13483.546 3003.6621 3389.9313  7 
1.7213368e-008  2.8204102e-006 0.0013220217 -0.001808541   14722.431 2642.1089 2632.247  4 
1.7637806e-008  9.0691603e-006 0.0013231431 -0.0018074238   16218.98 2642.1089 2632.247  8 
1.8137806e-008  1.717865e-005 0.0013244642 -0.0018061076   16218.98 2642.1089 2632.247  8 
1.8637806e-008  2.528814e-005 0.0013257852 -0.0018047915   16218.98 2642.1089 2632.247  8 
1.9137806e-008  3.339763e-005 0.0013271063 -0.0018034754   16218.98 2642.1089 2632.247  8 
1.93918e-008  3.7517158e-005 0.0013277774 -0.0018028068   17230.136 2043.6064 3559.0696  3 
1.9688648e-008  4.2631884e-005 0.001328384 -0.0018017503   18726.685 2043.6064 3559.0696  15 
2.0188648e-008  5.1995226e-005 0.0013294058 -0.0017999708   18726.685 2043.6064 3559.0696  15 
2.0688648e-008  6.1358568e-005 0.0013304276 -0.0017981912   18726.685 2043.6064 3559.0696  15 
2.1188648e-008  7.072191e-005 0.0013314494 -0.0017964117   18726.685 2043.6064 3559.0696  15 
2.1688648e-008  8.0085253e-005 0.0013324712 -0.0017946322   18726.685 2043.6064 3559.0696  15 
2.2188648e-008  8.9448595e-005 0.001333493 -0.0017928526   18726.685 2043.6064 3559.0696  15 
2.2355516e-008  9.257348e-005 0.001333834 -0.0017922587   17230.136 2043.6064 3559.0696  3 
2.235561e-008  9.2575108e-005 0.0013338342 -0.0017922584   18726.685 2043.6064 3559.0696  16 
2.2423623e-008  9.3848768e-005 0.0013339732 -0.0017920163   17230.136 2043.6064 3559.0696  3 
2.2570799e-008  9.6384622e-005 0.001334274 -0.0017914925   18726.685 2043.6064 3559.0696  16 
2.3070799e-008  0.00010574796 0.0013352958 -0.001789713   18726.685 2043.6064 3559.0696  16 
2.3570799e-008  0.00011511131 0.0013363176 -0.0017879335   18726.685 2043.6064 3559.0696  16 
2.4070799e-008  0.00012447465 0.0013373394 -0.0017861539   18726.685 2043.6064 3559.0696  16 
2.4570799e-008  0.00013383799 0.0013383612 -0.0017843744   18726.685 2043.6064 3559.0696  16 
2.479375e-008  0.00013801314 0.0013388168 -0.0017835809   17230.136 2043.6064 3559.0696  3 
2.4814164e-008  0.00013836486 0.0013388585 -0.0017835082   18726.685 2043.6064 3559.0696  14 
2.5314164e-008  0.0001477282 0.0013398803 -0.0017817287   18726.685 2043.6064 3559.0696  14 
2.5814164e-008  0.00015709155 0.0013409022 -0.0017799492   18726.685 2043.6064 3559.0696  14 
2.6035604e-008  0.00016123838 0.0013413547 -0.001779161   18233.107 936.51534 4436.7873  2 
2.621716e-008  0.00016454872 0.0013415247 -0.0017783555   19729.655 936.51534 4436.7873  7 
2.671716e-008  0.00017441355 0.001341993 -0.0017761371   19729.655 936.51534 4436.7873  7 
2.721716e-008  0.00018427838 0.0013424612 -0.0017739187   19729.655 936.51534 4436.7873  7 
2.7327825e-008  0.00018646175 0.0013425649 -0.0017734277   20187.659 -59.930489 5455.1048  3 
2.7359971e-008  0.00018711071 0.0013425629 -0.0017732524   21684.208 -59.930489 5455.1048  15 
2.7859971e-008  0.00019795282 0.001342533 -0.0017705248   21684.208 -59.930489 5455.1048  15 
2.8359971e-008  0.00020879492 0.001342503 -0.0017677973   21684.208 -59.930489 5455.1048  15 
2.8629739e-008  0.00021464462 0.0013424868 -0.0017663257   20187.659 -59.930489 5455.1048  3 
2.8661135e-008  0.00021527842 0.001342485 -0.0017661544   21684.208 -59.930489 5455.1048  17 
2.9161135e-008  0.00022612053 0.001342455 -0.0017634268   21684.208 -59.930489 5455.1048  17 
2.9661135e-008  0.00023696263 0.001342425 -0.0017606993   21684.208 -59.930489 5455.1048  17 
2.978664e-008  0.00023968412 0.0013424175 -0.0017600146   22640.399 401.68442 4400.4634  2 
3.0278679e-008  0.00025082408 0.0013426152 -0.0017578494   24136.947 401.68442 4400.4634  15 
3.0297472e-008  0.00025127767 0.0013426227 -0.0017577667   22640.399 401.68442 4400.4634  3 
3.0797472e-008  0.00026259787 0.0013428235 -0.0017555665   22640.399 401.68442 4400.4634  3 
3.0835824e-008  0.00026346619 0.001342839 -0.0017553977   24136.947 401.68442 4400.4634  13 
3.1144716e-008  0.00027092188 0.001342963 -0.0017540385   23943.955 877.85165 5806.051  3 
3.1644716e-008  0.00028289386 0.001343402 -0.0017511355   23943.955 877.85165 5806.051  3 
3.2144716e-008  0.00029486584 0.0013438409 -0.0017482324   23943.955 877.85165 5806.051  3 
3.2644716e-008  0.00030683781 0.0013442798 -0.0017453294   23943.955 877.85165 5806.051  3 
3.3144716e-008  0.00031880979 0.0013447187 -0.0017424264   23943.955 877.85165 5806.051  3 
3.3644716e-008  0.00033078177 0.0013451577 -0.0017395234   23943.955 877.85165 5806.051  3 
3.4144716e-008  0.00034275375 0.0013455966 -0.0017366203   23943.955 877.85165 5806.051  3 
3.4426648e-008  0.00034950433 0.0013458441 -0.0017349834   25440.504 877.85165 5806.051  14 
3.4777973e-008  0.00035844222 0.0013461525 -0.0017329436   26062.982 963.06651 4447.7736  4 
3.5277973e-008  0.00037147371 0.001346634 -0.0017307197   26062.982 963.06651 4447.7736  4 
3.5777973e-008  0.0003845052 0.0013471156 -0.0017284958   26062.982 963.06651 4447.7736  4 
3.6277973e-008  0.00039753669 0.0013475971 -0.0017262719   26062.982 963.06651 4447.7736  4 
3.6777973e-008  0.00041056818 0.0013480786 -0.0017240481   26062.982 963.06651 4447.7736  4 
3.7277973e-008  0.00042359968 0.0013485602 -0.0017218242   26062.982 963.06651 4447.7736  4 
3.7777973e-008  0.00043663117 0.0013490417 -0.0017196003   26062.982 963.06651 4447.7736  4 
3.8277973e-008  0.00044966266 0.0013495232 -0.0017173764   26062.982 963.06651 4447.7736  4 
3.8777973e-008  0.00046269415 0.0013500048 -0.0017151525   26062.982 963.06651 4447.7736  4 
3.9277973e-008  0.00047572564 0.0013504863 -0.0017129286   26062.982 963.06651 4447.7736  4 
3.9777973e-008  0.00048875713 0.0013509678 -0.0017107047   26062.982 963.06651 4447.7736  4 
4.0277973e-008  0.00050178862 0.0013514494 -0.0017084808   26062.982 963.06651 4447.7736  4 
4.0291009e-008  0.00050212836 0.0013514619 -0.0017084229   27559.53 963.06651 4447.7736  8 
4.0360082e-008  0.00050403198 0.0013515284 -0.0017081156   28539.627 549.71324 3395.0664  4 
4.0860082e-008  0.00051830179 0.0013518033 -0.0017064181   28539.627 549.71324 3395.0664  4 
4.1360082e-008  0.0005325716 0.0013520781 -0.0017047206   28539.627 549.71324 3395.0664  4 
4.1419137e-008  0.00053425702 0.0013521106 -0.0017045201   30036.175 549.71324 3395.0664  17 
4.1607288e-008  0.00053990836 0.001352214 -0.0017038813   31283.443 847.4434 4166.6484  4 
4.2107288e-008  0.00055555008 0.0013526378 -0.001701798   31283.443 847.4434 4166.6484  4 
4.2607288e-008  0.0005711918 0.0013530615 -0.0016997146   31283.443 847.4434 4166.6484  4 
4.3107288e-008  0.00058683353 0.0013534852 -0.0016976313   31283.443 847.4434 4166.6484  4 
4.3117465e-008  0.00058715189 0.0013534938 -0.0016975889   32779.991 847.4434 4166.6484  8 
4.3617465e-008  0.00060354188 0.0013539176 -0.0016955056   32779.991 847.4434 4166.6484  8 
4.4117465e-008  0.00061993188 0.0013543413 -0.0016934223   32779.991 847.4434 4166.6484  8 
4.4617465e-008  0.00063632188 0.001354765 -0.0016913389   32779.991 847.4434 4166.6484  8 
4.5117465e-008  0.00065271187 0.0013551887 -0.0016892556   32779.991 847.4434 4166.6484  8 
4.5617465e-008  0.00066910187 0.0013556124 -0.0016871723   32779.991 847.4434 4166.6484  8 
4.6117465e-008  0.00068549186 0.0013560362 -0.001685089   32779.991 847.4434 4166.6484  8 
4.6617465e-008  0.00070188186 0.0013564599 -0.0016830057   32779.991 847.4434 4166.6484  8 
4.7117465e-008  0.00071827185 0.0013568836 -0.0016809223   32779.991 847.4434 4166.6484  8 
4.7422775e-008  0.00072827993 0.0013571423 -0.0016796502   32537.274 2060.2528 5009.1588  4 
4.7662885e-008  0.00073609244 0.001357637 -0.0016784475   34033.823 2060.2528 5009.1588  14 
4.8162885e-008  0.00075310935 0.0013586671 -0.0016759429   34033.823 2060.2528 5009.1588  14 
4.8662885e-008  0.00077012627 0.0013596973 -0.0016734383   34033.823 2060.2528 5009.1588  14 
4.9162885e-008  0.00078714318 0.0013607274 -0.0016709337   34033.823 2060.2528 5009.1588  14 
4.9357623e-008  0.00079377084 0.0013611286 -0.0016699582   34801.553 2404.124 3771.4186  3 
4.9857623e-008  0.00081117161 0.0013623307 -0.0016680725   34801.553 2404.124 3771.4186  3 
5.0357623e-008  0.00082857239 0.0013635327 -0.0016661868   34801.553 2404.124 3771.4186  3 
5.0857623e-008  0.00084597317 0.0013647348 -0.0016643011   34801.553 2404.124 3771.4186  3 
5.1357623e-008  0.00086337394 0.0013659369 -0.0016624154   34801.553 2404.124 3771.4186  3 
5.1857623e-008  0.00088077472 0.0013671389 -0.0016605297   34801.553 2404.124 3771.4186  3 
5.2357623e-008  0.0008981755 0.001368341 -0.001658644   34801.553 2404.124 3771.4186  3 
5.247054e-008  0.0009021052 0.0013686125 -0.0016582181   36298.102 2404.124 3771.4186  15 
5.297054e-008  0.00092025425 0.0013698145 -0.0016563324   36298.102 2404.124 3771.4186  15 
5.347054e-008  0.0009384033 0.0013710166 -0.0016544467   36298.102 2404.124 3771.4186  15 
5.3913223e-008  0.00095447187 0.0013720808 -0.0016527772   36042.13 3715.5574 3097.4165  4 
5.4413223e-008  0.00097249293 0.0013739386 -0.0016512285   36042.13 3715.5574 3097.4165  4 
5.4913223e-008  0.000990514 0.0013757964 -0.0016496798   36042.13 3715.5574 3097.4165  4 
5.5413223e-008  0.0010085351 0.0013776542 -0.001648131   36042.13 3715.5574 3097.4165  4 
5.5913223e-008  0.0010265561 0.001379512 -0.0016465823   36042.13 3715.5574 3097.4165  4 
5.6413223e-008  0.0010445772 0.0013813697 -0.0016450336   36042.13 3715.5574 3097.4165  4 
5.6913223e-008  0.0010625983 0.0013832275 -0.0016434849   36042.13 3715.5574 3097.4165  4 
5.7413223e-008  0.0010806193 0.0013850853 -0.0016419362   36042.13 3715.5574 3097.4165  4 
5.7913223e-008  0.0010986404 0.0013869431 -0.0016403875   36042.13 3715.5574 3097.4165  4 
5.8413223e-008  0.0011166615 0.0013888008 -0.0016388388   36042.13 3715.5574 3097.4165  4 
5.8913223e-008  0.0011346825 0.0013906586 -0.0016372901   36042.13 3715.5574 3097.4165  4 
5.9413223e-008  0.0011527036 0.0013925164 -0.0016357414   36042.13 3715.5574 3097.4165  4 
5.9913223e-008  0.0011707246 0.0013943742 -0.0016341927   36042.13 3715.5574 3097.4165  4 
6.0413223e-008  0.0011887457 0.001396232 -0.001632644   36042.13 3715.5574 3097.4165  4 
6.077642e-008  0.0012018361 0.0013975814 -0.001631519   37538.678 3715.5574 3097.4165  13 
6.127642e-008  0.0012206054 0.0013994392 -0.0016299703   37538.678 3715.5574 3097.4165  13 
6.177642e-008  0.0012393748 0.001401297 -0.0016284216   37538.678 3715.5574 3097.4165  13 
6.2205065e-008  0.0012554655 0.0014028897 -0.0016270939   37212.354 3384.9305 4520.0395  2 
6.2705065e-008  0.0012740717 0.0014045821 -0.0016248339   37212.354 3384.9305 4520.0395  2 
6.3205065e-008  0.0012926779 0.0014062746 -0.0016225738   37212.354 3384.9305 4520.0395  2 
6.3705065e-008  0.001311284 0.001407967 -0.0016203138   37212.354 3384.9305 4520.0395  2 
6.4205065e-008  0.0013298902 0.0014096595 -0.0016180538   37212.354 3384.9305 4520.0395  2 
6.4705065e-008  0.0013484964 0.001411352 -0.0016157938   37212.354 3384.9305 4520.0395  2 
6.5205065e-008  0.0013671026 0.0014130444 -0.0016135338   37212.354 3384.9305 4520.0395  2 
6.5705065e-008  0.0013857088 0.0014147369 -0.0016112737   37212.354 3384.9305 4520.0395  2 
6.6205065e-008  0.0014043149 0.0014164294 -0.0016090137   37212.354 3384.9305 4520.0395  2 
6.6705065e-008  0.0014229211 0.0014181218 -0.0016067537   37212.354 3384.9305 4520.0395  2 
6.7205065e-008  0.0014415273 0.0014198143 -0.0016044937   37212.354 3384.9305 4520.0395  2 
6.7705065e-008  0.0014601335 0.0014215068 -0.0016022337   37212.354 3384.9305 4520.0395  2 
6.7884728e-008  0.0014668192 0.0014221149 -0.0016014216   38708.902 3384.9305 4520.0395  6 
6.821032e-008  0.0014794225 0.001423217 -0.0015999499   39166.564 3219.4589 5935.2381  2 
6.8503915e-008  0.0014909216 0.0014241622 -0.0015982073   40663.113 3219.4589 5935.2381  6 
6.9003915e-008  0.0015112531 0.001425772 -0.0015952397   40663.113 3219.4589 5935.2381  6 
6.9487811e-008  0.0015309298 0.0014273299 -0.0015923677   40372.171 2183.1926 4895.4653  3 
6.9987811e-008  0.0015511159 0.0014284214 -0.0015899199   40372.171 2183.1926 4895.4653  3 
7.0487811e-008  0.001571302 0.001429513 -0.0015874722   40372.171 2183.1926 4895.4653  3 
7.0555419e-008  0.0015740315 0.0014296606 -0.0015871412   41868.72 2183.1926 4895.4653  14 
7.1055419e-008  0.0015949659 0.0014307522 -0.0015846935   41868.72 2183.1926 4895.4653  14 
7.1128285e-008  0.0015980167 0.0014309113 -0.0015843368   41429.375 2655.0024 3544.899  2 
7.1628285e-008  0.0016187313 0.0014322388 -0.0015825643   41429.375 2655.0024 3544.899  2 
7.2128285e-008  0.001639446 0.0014335663 -0.0015807919   41429.375 2655.0024 3544.899  2 
7.2628285e-008  0.0016601607 0.0014348938 -0.0015790195   41429.375 2655.0024 3544.899  2 
7.3128285e-008  0.0016808754 0.0014362213 -0.001577247   41429.375 2655.0024 3544.899  2 
7.3628285e-008  0.0017015901 0.0014375488 -0.0015754746   41429.375 2655.0024 3544.899  2 
7.4128285e-008  0.0017223048 0.0014388763 -0.0015737021   41429.375 2655.0024 3544.899  2 
7.4628285e-008  0.0017430195 0.0014402038 -0.0015719297   41429.375 2655.0024 3544.899  2 
7.5128285e-008  0.0017637342 0.0014415313 -0.0015701572   41429.375 2655.0024 3544.899  2 
7.5182266e-008  0.0017659706 0.0014416747 -0.0015699658   42925.923 2655.0024 3544.899  14 
7.5682266e-008  0.0017874335 0.0014430022 -0.0015681934   42925.923 2655.0024 3544.899  14 
7.5760522e-008  0.0017907927 0.0014432099 -0.001567916   41716.333 2798.9066 4414.2898  2 
7.6260522e-008  0.0018116509 0.0014446094 -0.0015657088   41716.333 2798.9066 4414.2898  2 
7.6760522e-008  0.0018325091 0.0014460088 -0.0015635017   41716.333 2798.9066 4414.2898  2 
7.7260522e-008  0.0018533672 0.0014474083 -0.0015612945   41716.333 2798.9066 4414.2898  2 
7.7746556e-008  0.0018736428 0.0014487686 -0.0015591491   43212.881 2798.9066 4414.2898  8 
7.8246556e-008  0.0018952492 0.0014501681 -0.0015569419   43212.881 2798.9066 4414.2898  8 
7.8746556e-008  0.0019168557 0.0014515676 -0.0015547348   43212.881 2798.9066 4414.2898  8 
7.9246556e-008  0.0019384621 0.001452967 -0.0015525276   43212.881 2798.9066 4414.2898  8 
7.9746556e-008  0.0019600685 0.0014543665 -0.0015503205   43212.881 2798.9066 4414.2898  8 
8.0246556e-008  0.001981675 0.0014557659 -0.0015481133   43212.881 2798.9066 4414.2898  8 
8.0746556e-008  0.0020032814 0.0014571654 -0.0015459062   43212.881 2798.9066 4414.2898  8 
8.1246556e-008  0.0020248879 0.0014585648 -0.001543699   43212.881 2798.9066 4414.2898  8 
8.1746556e-008  0.0020464943 0.0014599643 -0.0015414919   43212.881 2798.9066 4414.2898  8 
8.2246556e-008  0.0020681007 0.0014613637 -0.0015392848   43212.881 2798.9066 4414.2898  8 
8.2746556e-008  0.0020897072 0.0014627632 -0.0015370776   43212.881 2798.9066 4414.2898  8 
8.3246556e-008  0.0021113136 0.0014641626 -0.0015348705   43212.881 2798.9066 4414.2898  8 
8.3746556e-008  0.0021329201 0.0014655621 -0.0015326633   43212.881 2798.9066 4414.2898  8 
8.3849131e-008  0.0021373526 0.0014658492 -0.0015322105   43058.478 4287.2873 4391.3844  2 
8.4349131e-008  0.0021588819 0.0014679928 -0.0015300148   43058.478 4287.2873 4391.3844  2 
8.4849131e-008  0.0021804111 0.0014701365 -0.0015278191   43058.478 4287.2873 4391.3844  2 
8.5349131e-008  0.0022019404 0.0014722801 -0.0015256234   43058.478 4287.2873 4391.3844  2 
8.5849131e-008  0.0022234696 0.0014744238 -0.0015234278   43058.478 4287.2873 4391.3844  2 
8.6349131e-008  0.0022449988 0.0014765674 -0.0015212321   43058.478 4287.2873 4391.3844  2 
8.6849131e-008  0.0022665281 0.001478711 -0.0015190364   43058.478 4287.2873 4391.3844  2 
8.7349131e-008  0.0022880573 0.0014808547 -0.0015168407   43058.478 4287.2873 4391.3844  2 
8.7849131e-008  0.0023095866 0.0014829983 -0.001514645   43058.478 4287.2873 4391.3844  2 
8.8349131e-008  0.0023311158 0.001485142 -0.0015124493   43058.478 4287.2873 4391.3844  2 
8.8849131e-008  0.002352645 0.0014872856 -0.0015102536   43058.478 4287.2873 4391.3844  2 
8.9349131e-008  0.0023741743 0.0014894293 -0.0015080579   43058.478 4287.2873 4391.3844  2 
8.9849131e-008  0.0023957035 0.0014915729 -0.0015058622   43058.478 4287.2873 4391.3844  2 
9.0349131e-008  0.0024172327 0.0014937166 -0.0015036665   43058.478 4287.2873 4391.3844  2 
9.0849131e-008  0.002438762 0.0014958602 -0.0015014708   43058.478 4287.2873 4391.3844  2 
9.1349131e-008  0.0024602912 0.0014980038 -0.0014992751   43058.478 4287.2873 4391.3844  2 
9.1849131e-008  0.0024818205 0.0015001475 -0.0014970794   43058.478 4287.2873 4391.3844  2 
9.2349131e-008  0.0025033497 0.0015022911 -0.0014948838   43058.478 4287.2873 4391.3844  2 
9.2849131e-008  0.0025248789 0.0015044348 -0.0014926881   43058.478 4287.2873 4391.3844  2 
9.3349131e-008  0.0025464082 0.0015065784 -0.0014904924   43058.478 4287.2873 4391.3844  2 
9.3849131e-008  0.0025679374 0.0015087221 -0.0014882967   43058.478 4287.2873 4391.3844  2 
9.4349131e-008  0.0025894667 0.0015108657 -0.001486101   43058.478 4287.2873 4391.3844  2 
9.4849131e-008  0.0026109959 0.0015130093 -0.0014839053   43058.478 4287.2873 4391.3844  2 
9.5349131e-008  0.0026325251 0.001515153 -0.0014817096   43058.478 4287.2873 4391.3844  2 
9.5849131e-008  0.0026540544 0.0015172966 -0.0014795139   43058.478 4287.2873 4391.3844  2 
9.6349131e-008  0.0026755836 0.0015194403 -0.0014773182   43058.478 4287.2873 4391.3844  2 
9.6849131e-008  0.0026971129 0.0015215839 -0.0014751225   43058.478 4287.2873 4391.3844  2 
9.7349131e-008  0.0027186421 0.0015237276 -0.0014729268   43058.478 4287.2873 4391.3844  2 
9.7849131e-008  0.0027401713 0.0015258712 -0.0014707311   43058.478 4287.2873 4391.3844  2 
9.8349131e-008  0.0027617006 0.0015280149 -0.0014685354   43058.478 4287.2873 4391.3844  2 
9.8849131e-008  0.0027832298 0.0015301585 -0.0014663398   43058.478 4287.2873 4391.3844  2 
9.9251859e-008  0.0028005707 0.0015318851 -0.0014645712   44555.027 4287.2873 4391.3844  6 
9.9256613e-008  0.0028007825 0.0015319055 -0.0014645503   45758.975 4951.9348 3801.1506  2 
9.9756613e-008  0.002823662 0.0015343815 -0.0014626498   45758.975 4951.9348 3801.1506  2 
1.0025661e-007  0.0028465415 0.0015368574 -0.0014607492   45758.975 4951.9348 3801.1506  2 
1.0075661e-007  0.002869421 0.0015393334 -0.0014588486   45758.975 4951.9348 3801.1506  2 
1.0125661e-007  0.0028923005 0.0015418094 -0.001456948   45758.975 4951.9348 3801.1506  2 
1.0175661e-007  0.0029151799 0.0015442853 -0.0014550475   45758.975 4951.9348 3801.1506  2 
1.0189378e-007  0.0029214565 0.0015449646 -0.0014545261   47255.523 4951.9348 3801.1506  6 
1.0239378e-007  0.0029450843 0.0015474405 -0.0014526255   47255.523 4951.9348 3801.1506  6 
1.0289378e-007  0.0029687121 0.0015499165 -0.0014507249   47255.523 4951.9348 3801.1506  6 
1.0339378e-007  0.0029923398 0.0015523925 -0.0014488244   47255.523 4951.9348 3801.1506  6 
1.0389378e-007  0.0030159676 0.0015548684 -0.0014469238   47255.523 4951.9348 3801.1506  6 
1.0416655e-007  0.0030288573 0.0015562192 -0.001445887   47887.124 3732.8558 3205.7101  3 
1.0466655e-007  0.0030528008 0.0015580856 -0.0014442841   47887.124 3732.8558 3205.7101  3 
1.0516655e-007  0.0030767444 0.001559952 -0.0014426812   47887.124 3732.8558 3205.7101  3 
1.0566655e-007  0.003100688 0.0015618184 -0.0014410784   47887.124 3732.8558 3205.7101  3 
1.0616655e-007  0.0031246315 0.0015636849 -0.0014394755   47887.124 3732.8558 3205.7101  3 
1.0666655e-007  0.0031485751 0.0015655513 -0.0014378727   47887.124 3732.8558 3205.7101  3 
1.0716655e-007  0.0031725187 0.0015674177 -0.0014362698   47887.124 3732.8558 3205.7101  3 
1.0766655e-007  0.0031964622 0.0015692841 -0.001434667   47887.124 3732.8558 3205.7101  3 
1.0809251e-007  0.0032168604 0.0015708742 -0.0014333015   49383.673 3732.8558 3205.7101  15 
1.0859251e-007  0.0032415522 0.0015727406 -0.0014316986   49383.673 3732.8558 3205.7101  15 
1.0909251e-007  0.003266244 0.0015746071 -0.0014300957   49383.673 3732.8558 3205.7101  15 
1.0959251e-007  0.0032909359 0.0015764735 -0.0014284929   49383.673 3732.8558 3205.7101  15 
1.1009251e-007  0.0033156277 0.0015783399 -0.00142689   49383.673 3732.8558 3205.7101  15 
1.1059251e-007  0.0033403196 0.0015802063 -0.0014252872   49383.673 3732.8558 3205.7101  15 
1.1109251e-007  0.0033650114 0.0015820728 -0.0014236843   49383.673 3732.8558 3205.7101  15 
1.1159251e-007  0.0033897032 0.0015839392 -0.0014220815   49383.673 3732.8558 3205.7101  15 
1.1209251e-007  0.0034143951 0.0015858056 -0.0014204786   49383.673 3732.8558 3205.7101  15 
1.1259251e-007  0.0034390869 0.0015876721 -0.0014188758   49383.673 3732.8558 3205.7101  15 
1.1309251e-007  0.0034637787 0.0015895385 -0.0014172729   49383.673 3732.8558 3205.7101  15 
1.1359251e-007  0.0034884706 0.0015914049 -0.00141567   49383.673 3732.8558 3205.7101  15 
1.1409251e-007  0.0035131624 0.0015932713 -0.0014140672   49383.673 3732.8558 3205.7101  15 
1.1448336e-007  0.0035324642 0.0015947303 -0.0014128142   49039.194 3904.1069 1759.451  4 
1.1466976e-007  0.0035416051 0.0015954581 -0.0014124863   50535.742 3904.1069 1759.451  17 
1.1516976e-007  0.003566873 0.0015974101 -0.0014116065   50535.742 3904.1069 1759.451  17 
1.1566976e-007  0.0035921408 0.0015993622 -0.0014107268   50535.742 3904.1069 1759.451  17 
1.1616976e-007  0.0036174087 0.0016013142 -0.0014098471   50535.742 3904.1069 1759.451  17 
1.1666976e-007  0.0036426766 0.0016032663 -0.0014089674   50535.742 3904.1069 1759.451  17 
1.1716976e-007  0.0036679444 0.0016052183 -0.0014080876   50535.742 3904.1069 1759.451  17 
1.1766976e-007  0.0036932123 0.0016071704 -0.0014072079   50535.742 3904.1069 1759.451  17 
1.1816976e-007  0.0037184802 0.0016091224 -0.0014063282   50535.742 3904.1069 1759.451  17 
1.1866976e-007  0.0037437481 0.0016110745 -0.0014054485   50535.742 3904.1069 1759.451  17 
1.1896835e-007  0.0037588374 0.0016122402 -0.0014049231   50647.405 4891.9483 2878.0924  3 
1.1946835e-007  0.0037841611 0.0016146862 -0.0014034841   50647.405 4891.9483 2878.0924  3 
1.1996835e-007  0.0038094848 0.0016171322 -0.001402045   50647.405 4891.9483 2878.0924  3 
1.2046835e-007  0.0038348085 0.0016195781 -0.001400606   50647.405 4891.9483 2878.0924  3 
1.2085543e-007  0.0038544131 0.0016214717 -0.0013994919   52143.954 4891.9483 2878.0924  15 
1.2135543e-007  0.003880485 0.0016239177 -0.0013980529   52143.954 4891.9483 2878.0924  15 
1.2146513e-007  0.0038862052 0.0016244543 -0.0013977371   53516.331 5481.74 2969.6586  3 
1.2163927e-007  0.0038955245 0.0016254089 -0.00139722   55012.88 5481.74 2969.6586  15 
1.2213927e-007  0.0039230309 0.0016281498 -0.0013957352   55012.88 5481.74 2969.6586  15 
1.2263927e-007  0.0039505374 0.0016308906 -0.0013942504   55012.88 5481.74 2969.6586  15 
1.2286508e-007  0.0039629598 0.0016321285 -0.0013935798   56333.382 6157.4343 2771.242  3 
1.2336508e-007  0.0039911265 0.0016352072 -0.0013921942   56333.382 6157.4343 2771.242  3 
1.2386508e-007  0.0040192932 0.0016382859 -0.0013908085   56333.382 6157.4343 2771.242  3 
1.2436508e-007  0.0040474599 0.0016413646 -0.0013894229   56333.382 6157.4343 2771.242  3 
1.2486508e-007  0.0040756266 0.0016444433 -0.0013880373   56333.382 6157.4343 2771.242  3 
1.2517824e-007  0.0040932683 0.0016463717 -0.0013871694   57829.931 6157.4343 2771.242  13 
1.2567824e-007  0.0041221833 0.0016494504 -0.0013857838   57829.931 6157.4343 2771.242  13 
1.2617824e-007  0.0041510983 0.0016525291 -0.0013843982   57829.931 6157.4343 2771.242  13 
1.2667824e-007  0.0041800132 0.0016556078 -0.0013830126   57829.931 6157.4343 2771.242  13 
1.2717824e-007  0.0042089282 0.0016586865 -0.001381627   57829.931 6157.4343 2771.242  13 
1.2767824e-007  0.0042378432 0.0016617652 -0.0013802413   57829.931 6157.4343 2771.242  13 
1.2817824e-007  0.0042667581 0.001664844 -0.0013788557   57829.931 6157.4343 2771.242  13 
1.2867824e-007  0.0042956731 0.0016679227 -0.0013774701   57829.931 6157.4343 2771.242  13 
1.2917824e-007  0.0043245881 0.0016710014 -0.0013760845   57829.931 6157.4343 2771.242  13 
1.2967824e-007  0.004353503 0.0016740801 -0.0013746988   57829.931 6157.4343 2771.242  13 
1.3017824e-007  0.004382418 0.0016771588 -0.0013733132   57829.931 6157.4343 2771.242  13 
1.3036051e-007  0.0043929583 0.0016782811 -0.0013728081   57903.998 4741.1928 3249.1875  4 
1.3086051e-007  0.0044219103 0.0016806517 -0.0013711835   57903.998 4741.1928 3249.1875  4 
1.3136051e-007  0.0044508623 0.0016830223 -0.0013695589   57903.998 4741.1928 3249.1875  4 
1.3186051e-007  0.0044798143 0.0016853929 -0.0013679343   57903.998 4741.1928 3249.1875  4 
1.3236051e-007  0.0045087663 0.0016877635 -0.0013663098   57903.998 4741.1928 3249.1875  4 
1.3286051e-007  0.0045377183 0.0016901341 -0.0013646852   57903.998 4741.1928 3249.1875  4 
1.3336051e-007  0.0045666703 0.0016925047 -0.0013630606   57903.998 4741.1928 3249.1875  4 
1.3386051e-007  0.0045956223 0.0016948753 -0.001361436   57903.998 4741.1928 3249.1875  4 
1.3436051e-007  0.0046245743 0.0016972459 -0.0013598114   57903.998 4741.1928 3249.1875  4 
1.3486051e-007  0.0046535263 0.0016996165 -0.0013581868   57903.998 4741.1928 3249.1875  4 
1.3536051e-007  0.0046824783 0.0017019871 -0.0013565622   57903.998 4741.1928 3249.1875  4 
1.3586051e-007  0.0047114303 0.0017043577 -0.0013549376   57903.998 4741.1928 3249.1875  4 
1.3636051e-007  0.0047403823 0.0017067283 -0.001353313   57903.998 4741.1928 3249.1875  4 
1.3663021e-007  0.0047559993 0.001708007 -0.0013524367   59400.547 4741.1928 3249.1875  15 
1.3713021e-007  0.0047856996 0.0017103776 -0.0013508121   59400.547 4741.1928 3249.1875  15 
1.3763021e-007  0.0048153999 0.0017127482 -0.0013491875   59400.547 4741.1928 3249.1875  15 
1.3793783e-007  0.0048336722 0.0017142066 -0.001348188   59472.774 6146.0013 3760.0242  3 
1.3843783e-007  0.0048634086 0.0017172796 -0.001346308   59472.774 6146.0013 3760.0242  3 
1.3893783e-007  0.004893145 0.0017203526 -0.001344428   59472.774 6146.0013 3760.0242  3 
1.3943783e-007  0.0049228814 0.0017234256 -0.001342548   59472.774 6146.0013 3760.0242  3 
1.3993783e-007  0.0049526178 0.0017264986 -0.001340668   59472.774 6146.0013 3760.0242  3 
1.4043783e-007  0.0049823542 0.0017295716 -0.0013387879   59472.774 6146.0013 3760.0242  3 
1.4093783e-007  0.0050120906 0.0017326446 -0.0013369079   59472.774 6146.0013 3760.0242  3 
1.4143783e-007  0.0050418269 0.0017357176 -0.0013350279   59472.774 6146.0013 3760.0242  3 
1.4193783e-007  0.0050715633 0.0017387906 -0.0013331479   59472.774 6146.0013 3760.0242  3 
1.4243783e-007  0.0051012997 0.0017418636 -0.0013312679   59472.774 6146.0013 3760.0242  3 
1.4293783e-007  0.0051310361 0.0017449366 -0.0013293879   59472.774 6146.0013 3760.0242  3 
1.4343783e-007  0.0051607725 0.0017480096 -0.0013275079   59472.774 6146.0013 3760.0242  3 
1.4393783e-007  0.0051905089 0.0017510826 -0.0013256279   59472.774 6146.0013 3760.0242  3 
1.4443783e-007  0.0052202453 0.0017541556 -0.0013237478   59472.774 6146.0013 3760.0242  3 
1.4493783e-007  0.0052499816 0.0017572286 -0.0013218678   59472.774 6146.0013 3760.0242  3 
1.4543783e-007  0.005279718 0.0017603016 -0.0013199878   59472.774 6146.0013 3760.0242  3 
1.4593783e-007  0.0053094544 0.0017633746 -0.0013181078   59472.774 6146.0013 3760.0242  3 
1.4643783e-007  0.0053391908 0.0017664476 -0.0013162278   59472.774 6146.0013 3760.0242  3 
1.4693783e-007  0.0053689272 0.0017695206 -0.0013143478   59472.774 6146.0013 3760.0242  3 
1.4743783e-007  0.0053986636 0.0017725936 -0.0013124678   59472.774 6146.0013 3760.0242  3 
1.4793783e-007  0.0054284 0.0017756666 -0.0013105878   59472.774 6146.0013 3760.0242  3 
1.4843783e-007  0.0054581364 0.0017787396 -0.0013087077   59472.774 6146.0013 3760.0242  3 
1.4893783e-007  0.0054878727 0.0017818126 -0.0013068277   59472.774 6146.0013 3760.0242  3 
1.4943783e-007  0.0055176091 0.0017848856 -0.0013049477   59472.774 6146.0013 3760.0242  3 
1.4984242e-007  0.0055416716 0.0017873723 -0.0013034264   60969.323 6146.0013 3760.0242  16 
1.5034242e-007  0.0055721563 0.0017904453 -0.0013015464   60969.323 6146.0013 3760.0242  16 
1.5084242e-007  0.005602641 0.0017935183 -0.0012996664   60969.323 6146.0013 3760.0242  16 
1.5134242e-007  0.0056331256 0.0017965913 -0.0012977864   60969.323 6146.0013 3760.0242  16 
1.5184242e-007  0.0056636103 0.0017996643 -0.0012959064   60969.323 6146.0013 3760.0242  16 
1.5234242e-007  0.005694095 0.0018027373 -0.0012940264   60969.323 6146.0013 3760.0242  16 
1.5284242e-007  0.0057245796 0.0018058103 -0.0012921464   60969.323 6146.0013 3760.0242  16 
1.5334242e-007  0.0057550643 0.0018088833 -0.0012902663   60969.323 6146.0013 3760.0242  16 
1.5384242e-007  0.0057855489 0.0018119563 -0.0012883863   60969.323 6146.0013 3760.0242  16 
1.5434242e-007  0.0058160336 0.0018150293 -0.0012865063   60969.323 6146.0013 3760.0242  16 
1.5484242e-007  0.0058465183 0.0018181023 -0.0012846263   60969.323 6146.0013 3760.0242  16 
1.5534242e-007  0.0058770029 0.0018211753 -0.0012827463   60969.323 6146.0013 3760.0242  16 
1.5584242e-007  0.0059074876 0.0018242483 -0.0012808663   60969.323 6146.0013 3760.0242  16 
1.5634242e-007  0.0059379722 0.0018273213 -0.0012789863   60969.323 6146.0013 3760.0242  16 
1.5684242e-007  0.0059684569 0.0018303943 -0.0012771063   60969.323 6146.0013 3760.0242  16 
1.5734242e-007  0.0059989416 0.0018334673 -0.0012752262   60969.323 6146.0013 3760.0242  16 
1.5784242e-007  0.0060294262 0.0018365403 -0.0012733462   60969.323 6146.0013 3760.0242  16 
1.5834242e-007  0.0060599109 0.0018396133 -0.0012714662   60969.323 6146.0013 3760.0242  16 
1.5858197e-007  0.0060745159 0.0018410856 -0.0012705655   60740.797 4696.1261 4052.0783  2 
1.5908197e-007  0.0061048863 0.0018434336 -0.0012685395   60740.797 4696.1261 4052.0783  2 
1.5958197e-007  0.0061352567 0.0018457817 -0.0012665134   60740.797 4696.1261 4052.0783  2 
1.6008197e-007  0.0061656271 0.0018481298 -0.0012644874   60740.797 4696.1261 4052.0783  2 
1.6058197e-007  0.0061959975 0.0018504778 -0.0012624614   60740.797 4696.1261 4052.0783  2 
1.6108197e-007  0.0062263679 0.0018528259 -0.0012604353   60740.797 4696.1261 4052.0783  2 
1.6158197e-007  0.0062567383 0.0018551739 -0.0012584093   60740.797 4696.1261 4052.0783  2 
1.6208197e-007  0.0062871087 0.001857522 -0.0012563832   60740.797 4696.1261 4052.0783  2 
1.6258197e-007  0.0063174791 0.0018598701 -0.0012543572   60740.797 4696.1261 4052.0783  2 
1.6308197e-007  0.0063478495 0.0018622181 -0.0012523312   60740.797 4696.1261 4052.0783  2 
1.6358197e-007  0.0063782199 0.0018645662 -0.0012503051   60740.797 4696.1261 4052.0783  2 
1.6408197e-007  0.0064085903 0.0018669143 -0.0012482791   60740.797 4696.1261 4052.0783  2 
1.6419106e-007  0.0064152167 0.0018674266 -0.001247837   62237.345 4696.1261 4052.0783  7 
1.6469106e-007  0.0064463354 0.0018697746 -0.001245811   62237.345 4696.1261 4052.0783  7 
1.6519106e-007  0.0064774541 0.0018721227 -0.001243785   62237.345 4696.1261 4052.0783  7 
1.6569106e-007  0.0065085728 0.0018744708 -0.0012417589   62237.345 4696.1261 4052.0783  7 
1.6619106e-007  0.0065396914 0.0018768188 -0.0012397329   62237.345 4696.1261 4052.0783  7 
1.664837e-007  0.0065579041 0.0018781931 -0.0012385471   61667.234 4918.5487 5417.7808  3 
1.669837e-007  0.0065887377 0.0018806523 -0.0012358382   61667.234 4918.5487 5417.7808  3 
1.6735357e-007  0.0066115465 0.0018824716 -0.0012338343   63163.783 4918.5487 5417.7808  15 
1.6756119e-007  0.0066246609 0.0018834928 -0.0012327095   64521.726 4574.6492 4891.1101  4 
1.6759329e-007  0.0066267323 0.0018836396 -0.0012325525   66018.274 4574.6492 4891.1101  8 
1.6809329e-007  0.0066597414 0.001885927 -0.0012301069   66018.274 4574.6492 4891.1101  8 
1.6859329e-007  0.0066927506 0.0018882143 -0.0012276613   66018.274 4574.6492 4891.1101  8 
1.6909329e-007  0.0067257597 0.0018905016 -0.0012252158   66018.274 4574.6492 4891.1101  8 
1.6959329e-007  0.0067587688 0.0018927889 -0.0012227702   66018.274 4574.6492 4891.1101  8 
1.7009329e-007  0.006791778 0.0018950763 -0.0012203247   66018.274 4574.6492 4891.1101  8 
1.7059329e-007  0.0068247871 0.0018973636 -0.0012178791   66018.274 4574.6492 4891.1101  8 
1.7109329e-007  0.0068577962 0.0018996509 -0.0012154336   66018.274 4574.6492 4891.1101  8 
1.7159329e-007  0.0068908054 0.0019019382 -0.001212988   66018.274 4574.6492 4891.1101  8 
1.7203368e-007  0.0069198791 0.0019039529 -0.001210834   64825.494 3699.9524 4663.4654  4 
1.7253368e-007  0.0069522918 0.0019058028 -0.0012085023   64825.494 3699.9524 4663.4654  4 
1.7303368e-007  0.0069847046 0.0019076528 -0.0012061706   64825.494 3699.9524 4663.4654  4 
1.7353368e-007  0.0070171173 0.0019095028 -0.0012038388   64825.494 3699.9524 4663.4654  4 
1.7403368e-007  0.0070495301 0.0019113528 -0.0012015071   64825.494 3699.9524 4663.4654  4 
1.7453368e-007  0.0070819428 0.0019132027 -0.0011991754   64825.494 3699.9524 4663.4654  4 
1.7503368e-007  0.0071143556 0.0019150527 -0.0011968436   64825.494 3699.9524 4663.4654  4 
1.7553368e-007  0.0071467683 0.0019169027 -0.0011945119   64825.494 3699.9524 4663.4654  4 
1.7603368e-007  0.0071791811 0.0019187527 -0.0011921802   64825.494 3699.9524 4663.4654  4 
1.7653368e-007  0.0072115938 0.0019206026 -0.0011898484   64825.494 3699.9524 4663.4654  4 
1.7703368e-007  0.0072440066 0.0019224526 -0.0011875167   64825.494 3699.9524 4663.4654  4 
1.7753368e-007  0.0072764193 0.0019243026 -0.001185185   64825.494 3699.9524 4663.4654  4 
1.7803368e-007  0.0073088321 0.0019261526 -0.0011828532   64825.494 3699.9524 4663.4654  4 
1.7853368e-007  0.0073412448 0.0019280026 -0.0011805215   64825.494 3699.9524 4663.4654  4 
1.7903368e-007  0.0073736575 0.0019298525 -0.0011781898   64825.494 3699.9524 4663.4654  4 
1.7953368e-007  0.0074060703 0.0019317025 -0.001175858   64825.494 3699.9524 4663.4654  4 
1.8003368e-007  0.007438483 0.0019335525 -0.0011735263   64825.494 3699.9524 4663.4654  4 
1.8053368e-007  0.0074708958 0.0019354025 -0.0011711946   64825.494 3699.9524 4663.4654  4 
1.8103368e-007  0.0075033085 0.0019372524 -0.0011688628   64825.494 3699.9524 4663.4654  4 
1.8153368e-007  0.0075357213 0.0019391024 -0.0011665311   64825.494 3699.9524 4663.4654  4 
1.8203368e-007  0.007568134 0.0019409524 -0.0011641994   64825.494 3699.9524 4663.4654  4 
1.8253368e-007  0.0076005468 0.0019428024 -0.0011618676   64825.494 3699.9524 4663.4654  4 
1.8303368e-007  0.0076329595 0.0019446523 -0.0011595359   64825.494 3699.9524 4663.4654  4 
1.8353368e-007  0.0076653723 0.0019465023 -0.0011572042   64825.494 3699.9524 4663.4654  4 
1.8403368e-007  0.007697785 0.0019483523 -0.0011548724   64825.494 3699.9524 4663.4654  4 
1.8453368e-007  0.0077301978 0.0019502023 -0.0011525407   64825.494 3699.9524 4663.4654  4 
1.8503368e-007  0.0077626105 0.0019520522 -0.001150209   64825.494 3699.9524 4663.4654  4 
1.8508449e-007  0.0077659041 0.0019522402 -0.001149972   66322.042 3699.9524 4663.4654  8 
1.8558449e-007  0.0077990651 0.0019540902 -0.0011476403   66322.042 3699.9524 4663.4654  8 
1.8584068e-007  0.0078160565 0.0019550381 -0.0011464456   66648.022 3006.9765 3377.7112  4 
1.8634068e-007  0.0078493805 0.0019565416 -0.0011447567   66648.022 3006.9765 3377.7112  4 
1.8684068e-007  0.0078827045 0.0019580451 -0.0011430678   66648.022 3006.9765 3377.7112  4 
1.8734068e-007  0.0079160285 0.0019595486 -0.001141379   66648.022 3006.9765 3377.7112  4 
1.8784068e-007  0.0079493525 0.0019610521 -0.0011396901   66648.022 3006.9765 3377.7112  4 
1.8834068e-007  0.0079826765 0.0019625556 -0.0011380013   66648.022 3006.9765 3377.7112  4 
1.8884068e-007  0.0080160005 0.001964059 -0.0011363124   66648.022 3006.9765 3377.7112  4 
1.8934068e-007  0.0080493245 0.0019655625 -0.0011346236   66648.022 3006.9765 3377.7112  4 
1.8984068e-007  0.0080826485 0.001967066 -0.0011329347   66648.022 3006.9765 3377.7112  4 
1.9034068e-007  0.0081159726 0.0019685695 -0.0011312459   66648.022 3006.9765 3377.7112  4 
1.9084068e-007  0.0081492966 0.001970073 -0.001129557   66648.022 3006.9765 3377.7112  4 
1.9134068e-007  0.0081826206 0.0019715765 -0.0011278681   66648.022 3006.9765 3377.7112  4 
1.9184068e-007  0.0082159446 0.00197308 -0.0011261793   66648.022 3006.9765 3377.7112  4 
1.9234068e-007  0.0082492686 0.0019745835 -0.0011244904   66648.022 3006.9765 3377.7112  4 
1.9284068e-007  0.0082825926 0.0019760869 -0.0011228016   66648.022 3006.9765 3377.7112  4 
1.9334068e-007  0.0083159166 0.0019775904 -0.0011211127   66648.022 3006.9765 3377.7112  4 
1.9384068e-007  0.0083492406 0.0019790939 -0.0011194239   66648.022 3006.9765 3377.7112  4 
1.9434068e-007  0.0083825646 0.0019805974 -0.001117735   66648.022 3006.9765 3377.7112  4 
1.9484068e-007  0.0084158887 0.0019821009 -0.0011160462   66648.022 3006.9765 3377.7112  4 
1.9534068e-007  0.0084492127 0.0019836044 -0.0011143573   66648.022 3006.9765 3377.7112  4 
1.9584068e-007  0.0084825367 0.0019851079 -0.0011126684   66648.022 3006.9765 3377.7112  4 
1.9634068e-007  0.0085158607 0.0019866114 -0.0011109796   66648.022 3006.9765 3377.7112  4 
1.9684068e-007  0.0085491847 0.0019881149 -0.0011092907   66648.022 3006.9765 3377.7112  4 
1.9734068e-007  0.0085825087 0.0019896183 -0.0011076019   66648.022 3006.9765 3377.7112  4 
1.9784068e-007  0.0086158327 0.0019911218 -0.001105913   66648.022 3006.9765 3377.7112  4 
1.9834068e-007  0.0086491567 0.0019926253 -0.0011042242   66648.022 3006.9765 3377.7112  4 
1.9884068e-007  0.0086824807 0.0019941288 -0.0011025353   66648.022 3006.9765 3377.7112  4 
1.9934068e-007  0.0087158047 0.0019956323 -0.0011008465   66648.022 3006.9765 3377.7112  4 
1.9984068e-007  0.0087491288 0.0019971358 -0.0010991576   66648.022 3006.9765 3377.7112  4 
2.0034068e-007  0.0087824528 0.0019986393 -0.0010974687   66648.022 3006.9765 3377.7112  4 
2.0084068e-007  0.0088157768 0.0020001428 -0.0010957799   66648.022 3006.9765 3377.7112  4 
2.0134068e-007  0.0088491008 0.0020016462 -0.001094091   66648.022 3006.9765 3377.7112  4 
2.0184068e-007  0.0088824248 0.0020031497 -0.0010924022   66648.022 3006.9765 3377.7112  4 
2.0234068e-007  0.0089157488 0.0020046532 -0.0010907133   66648.022 3006.9765 3377.7112  4 
2.0284068e-007  0.0089490728 0.0020061567 -0.0010890245   66648.022 3006.9765 3377.7112  4 
2.0334068e-007  0.0089823968 0.0020076602 -0.0010873356   66648.022 3006.9765 3377.7112  4 
2.0384068e-007  0.0090157208 0.0020091637 -0.0010856468   66648.022 3006.9765 3377.7112  4 
2.0434068e-007  0.0090490449 0.0020106672 -0.0010839579   66648.022 3006.9765 3377.7112  4 
2.0484068e-007  0.0090823689 0.0020121707 -0.001082269   66648.022 3006.9765 3377.7112  4 
2.0534068e-007  0.0091156929 0.0020136742 -0.0010805802   66648.022 3006.9765 3377.7112  4 
2.0584068e-007  0.0091490169 0.0020151776 -0.0010788913   66648.022 3006.9765 3377.7112  4 
2.0634068e-007  0.0091823409 0.0020166811 -0.0010772025   66648.022 3006.9765 3377.7112  4 
2.0671781e-007  0.0092074755 0.0020178151 -0.0010759287   68144.571 3006.9765 3377.7112  8 
2.0721781e-007  0.0092415478 0.0020193186 -0.0010742398   68144.571 3006.9765 3377.7112  8 
2.0771781e-007  0.0092756201 0.0020208221 -0.0010725509   68144.571 3006.9765 3377.7112  8 
2.0804104e-007  0.0092976465 0.0020217941 -0.0010714592   66648.022 3006.9765 3377.7112  2 
2.0854104e-007  0.0093309705 0.0020232975 -0.0010697703   66648.022 3006.9765 3377.7112  2 
2.0904104e-007  0.0093642945 0.002024801 -0.0010680815   66648.022 3006.9765 3377.7112  2 
2.0954104e-007  0.0093976185 0.0020263045 -0.0010663926   66648.022 3006.9765 3377.7112  2 
2.1004104e-007  0.0094309425 0.002027808 -0.0010647037   66648.022 3006.9765 3377.7112  2 
2.1054104e-007  0.0094642665 0.0020293115 -0.0010630149   66648.022 3006.9765 3377.7112  2 
2.1104104e-007  0.0094975906 0.002030815 -0.001061326   66648.022 3006.9765 3377.7112  2 
2.1154104e-007  0.0095309146 0.0020323185 -0.0010596372   66648.022 3006.9765 3377.7112  2 
2.1204104e-007  0.0095642386 0.002033822 -0.0010579483   66648.022 3006.9765 3377.7112  2 
2.1254104e-007  0.0095975626 0.0020353255 -0.0010562595   66648.022 3006.9765 3377.7112  2 
2.1304104e-007  0.0096308866 0.0020368289 -0.0010545706   66648.022 3006.9765 3377.7112  2 
2.1354104e-007  0.0096642106 0.0020383324 -0.0010528818   66648.022 3006.9765 3377.7112  2 
2.1404104e-007  0.0096975346 0.0020398359 -0.0010511929   66648.022 3006.9765 3377.7112  2 
2.1454104e-007  0.0097308586 0.0020413394 -0.001049504   66648.022 3006.9765 3377.7112  2 
2.1504104e-007  0.0097641826 0.0020428429 -0.0010478152   66648.022 3006.9765 3377.7112  2 
2.1554104e-007  0.0097975067 0.0020443464 -0.0010461263   66648.022 3006.9765 3377.7112  2 
2.1604104e-007  0.0098308307 0.0020458499 -0.0010444375   66648.022 3006.9765 3377.7112  2 
2.1619911e-007  0.0098413654 0.0020463252 -0.0010439036   68144.571 3006.9765 3377.7112  6 
2.1669911e-007  0.0098754377 0.0020478287 -0.0010422147   68144.571 3006.9765 3377.7112  6 
2.1677245e-007  0.0098804359 0.0020480492 -0.001041967   68667.902 1606.9555 3302.2974  3 
2.1727245e-007  0.0099147699 0.0020488527 -0.0010403158   68667.902 1606.9555 3302.2974  3 
2.1777245e-007  0.0099491038 0.0020496562 -0.0010386647   68667.902 1606.9555 3302.2974  3 
2.1827245e-007  0.0099834378 0.0020504596 -0.0010370135   68667.902 1606.9555 3302.2974  3 
2.1877245e-007  0.010017772 0.0020512631 -0.0010353624   68667.902 1606.9555 3302.2974  3 
2.1927245e-007  0.010052106 0.0020520666 -0.0010337112   68667.902 1606.9555 3302.2974  3 
2.1977245e-007  0.01008644 0.0020528701 -0.0010320601   68667.902 1606.9555 3302.2974  3 
2.2027245e-007  0.010120774 0.0020536736 -0.0010304089   68667.902 1606.9555 3302.2974  3 
2.2077245e-007  0.010155108 0.002054477 -0.0010287578   68667.902 1606.9555 3302.2974  3 
2.2127245e-007  0.010189442 0.0020552805 -0.0010271066   68667.902 1606.9555 3302.2974  3 
2.2177245e-007  0.010223775 0.002056084 -0.0010254555   68667.902 1606.9555 3302.2974  3 
2.2227245e-007  0.010258109 0.0020568875 -0.0010238043   68667.902 1606.9555 3302.2974  3 
2.2277245e-007  0.010292443 0.0020576909 -0.0010221532   68667.902 1606.9555 3302.2974  3 
2.2327245e-007  0.010326777 0.0020584944 -0.001020502   68667.902 1606.9555 3302.2974  3 
2.2377245e-007  0.010361111 0.0020592979 -0.0010188509   68667.902 1606.9555 3302.2974  3 
2.2427245e-007  0.010395445 0.0020601014 -0.0010171997   68667.902 1606.9555 3302.2974  3 
2.2477245e-007  0.010429779 0.0020609049 -0.0010155486   68667.902 1606.9555 3302.2974  3 
2.2527245e-007  0.010464113 0.0020617083 -0.0010138974   68667.902 1606.9555 3302.2974  3 
2.2577245e-007  0.010498447 0.0020625118 -0.0010122463   68667.902 1606.9555 3302.2974  3 
2.2627245e-007  0.010532781 0.0020633153 -0.0010105951   68667.902 1606.9555 3302.2974  3 
2.2677245e-007  0.010567115 0.0020641188 -0.001008944   68667.902 1606.9555 3302.2974  3 
2.2727245e-007  0.010601449 0.0020649222 -0.0010072929   68667.902 1606.9555 3302.2974  3 
2.2777245e-007  0.010635783 0.0020657257 -0.0010056417   68667.902 1606.9555 3302.2974  3 
2.2827245e-007  0.010670117 0.0020665292 -0.0010039906   68667.902 1606.9555 3302.2974  3 
2.2877245e-007  0.010704451 0.0020673327 -0.0010023394   68667.902 1606.9555 3302.2974  3 
2.2927245e-007  0.010738785 0.0020681362 -0.0010006883   68667.902 1606.9555 3302.2974  3 
2.2977245e-007  0.010773119 0.0020689396 -0.00099903711   68667.902 1606.9555 3302.2974  3 
2.3027245e-007  0.010807453 0.0020697431 -0.00099738596   68667.902 1606.9555 3302.2974  3 
2.3077245e-007  0.010841787 0.0020705466 -0.00099573481   68667.902 1606.9555 3302.2974  3 
2.3127245e-007  0.010876121 0.0020713501 -0.00099408366   68667.902 1606.9555 3302.2974  3 
2.3177245e-007  0.010910454 0.0020721535 -0.00099243251   68667.902 1606.9555 3302.2974  3 
2.3227245e-007  0.010944788 0.002072957 -0.00099078136   68667.902 1606.9555 3302.2974  3 
2.3277245e-007  0.010979122 0.0020737605 -0.00098913022   68667.902 1606.9555 3302.2974  3 
2.3327245e-007  0.011013456 0.002074564 -0.00098747907   68667.902 1606.9555 3302.2974  3 
2.3377245e-007  0.01104779 0.0020753675 -0.00098582792   68667.902 1606.9555 3302.2974  3 
2.3427245e-007  0.011082124 0.0020761709 -0.00098417677   68667.902 1606.9555 3302.2974  3 
2.3477245e-007  0.011116458 0.0020769744 -0.00098252562   68667.902 1606.9555 3302.2974  3 
2.3527245e-007  0.011150792 0.0020777779 -0.00098087447   68667.902 1606.9555 3302.2974  3 
2.3577245e-007  0.011185126 0.0020785814 -0.00097922332   68667.902 1606.9555 3302.2974  3 
2.3627245e-007  0.01121946 0.0020793848 -0.00097757217   68667.902 1606.9555 3302.2974  3 
2.3677245e-007  0.011253794 0.0020801883 -0.00097592103   68667.902 1606.9555 3302.2974  3 
2.3727245e-007  0.011288128 0.0020809918 -0.00097426988   68667.902 1606.9555 3302.2974  3 
2.3777245e-007  0.011322462 0.0020817953 -0.00097261873   68667.902 1606.9555 3302.2974  3 
2.3827245e-007  0.011356796 0.0020825988 -0.00097096758   68667.902 1606.9555 3302.2974  3 
2.3877245e-007  0.01139113 0.0020834022 -0.00096931643   68667.902 1606.9555 3302.2974  3 
2.3927245e-007  0.011425464 0.0020842057 -0.00096766528   68667.902 1606.9555 3302.2974  3 
2.3977245e-007  0.011459798 0.0020850092 -0.00096601413   68667.902 1606.9555 3302.2974  3 
