0  -9.1792876e-005 0.0013017133 -0.0018196958   0 0 0  3 
2.6444611e-011  -9.1792876e-005 0.0013017133 -0.0018196958   1496.5487 0 -2.5933305e-010  14 
4.7648283e-010  -9.1119372e-005 0.0013017133 -0.0018196958   0 0 -4.6727004e-009  2 
5.447222e-010  -9.1119372e-005 0.0013017133 -0.0018196958   1496.5487 0 -5.3418999e-009  6 
5.7963727e-010  -9.1067119e-005 0.0013017133 -0.0018196958   0 0 -5.6842998e-009  2 
6.4493035e-010  -9.1067119e-005 0.0013017133 -0.0018196958   1496.5487 0 -6.3246062e-009  7 
6.8138472e-010  -9.1012564e-005 0.0013017133 -0.0018196958   0 0 -6.6821015e-009  2 
8.2078795e-010  -9.1012564e-005 0.0013017133 -0.0018196958   1496.5487 0 -8.0491802e-009  6 
1.2855434e-009  -9.0317034e-005 0.0013017133 -0.0018196958   0 0 -1.2606874e-008  2 
1.3473038e-009  -9.0317034e-005 0.0013017133 -0.0018196958   1496.5487 0 -1.3212537e-008  9 
1.8473038e-009  -8.956876e-005 0.0013017133 -0.0018196958   1496.5487 0 -1.8115862e-008  9 
1.8729909e-009  -8.9530318e-005 0.0013017133 -0.0018196958   0 0 -1.8367766e-008  4 
1.9338511e-009  -8.9530318e-005 0.0013017133 -0.0018196958   1496.5487 0 -1.8964601e-008  7 
1.9547406e-009  -8.9499056e-005 0.0013017133 -0.0018196958   0 0 -1.9169457e-008  4 
2.003072e-009  -8.9499056e-005 0.0013017133 -0.0018196958   1496.5487 0 -1.9643426e-008  13 
2.0505033e-009  -8.9428073e-005 0.0013017133 -0.0018196958   0 0 -2.0108568e-008  2 
2.0628251e-009  -8.9428073e-005 0.0013017133 -0.0018196958   1496.5487 0 -2.0229404e-008  8 
2.2106876e-009  -8.9206789e-005 0.0013017133 -0.0018196958   0 0 -2.167944e-008  2 
2.2338991e-009  -8.9206789e-005 0.0013017133 -0.0018196958   1496.5487 0 -2.1907067e-008  9 
2.2687172e-009  -8.9154682e-005 0.0013017133 -0.0018196958   0 0 -2.2248516e-008  4 
2.2902398e-009  -8.9154682e-005 0.0013017133 -0.0018196958   1496.5487 0 -2.245958e-008  8 
2.4234082e-009  -8.8955389e-005 0.0013017133 -0.0018196958   0 0 -2.3765516e-008  4 
2.4779564e-009  -8.8955389e-005 0.0013017133 -0.0018196958   1496.5487 0 -2.4300451e-008  17 
2.9779564e-009  -8.8207115e-005 0.0013017133 -0.0018196958   1496.5487 0 -2.9203776e-008  17 
3.4522018e-009  -8.7497384e-005 0.0013017133 -0.0018196958   0 0 -3.3854534e-008  2 
3.5119835e-009  -8.7497384e-005 0.0013017133 -0.0018196958   1496.5487 0 -3.4440793e-008  7 
3.7297689e-009  -8.7171457e-005 0.0013017133 -0.0018196958   0 0 -3.6576538e-008  4 
3.7720795e-009  -8.7171457e-005 0.0013017133 -0.0018196958   1496.5487 0 -3.6991463e-008  9 
4.1724476e-009  -8.6572287e-005 0.0013017133 -0.0018196958   0 0 -4.0917733e-008  2 
4.2510435e-009  -8.6572287e-005 0.0013017133 -0.0018196958   1496.5487 0 -4.1688496e-008  6 
4.2938221e-009  -8.6508267e-005 0.0013017133 -0.0018196958   0 0 -4.2108011e-008  2 
4.4031288e-009  -8.6508267e-005 0.0013017133 -0.0018196958   1496.5487 0 -4.3179943e-008  14 
4.9031288e-009  -8.5759992e-005 0.0013017133 -0.0018196958   1496.5487 0 -4.8083268e-008  14 
5.1283016e-009  -8.542301e-005 0.0013017133 -0.0018196958   0 0 -5.0291459e-008  4 
5.3188249e-009  -8.542301e-005 0.0013017133 -0.0018196958   1496.5487 0 -5.2159854e-008  16 
5.4545993e-009  -8.5219817e-005 0.0013017133 -0.0018196958   943.71606 -569.45564 1268.7609  2 
5.5989116e-009  -8.5083627e-005 0.0013016311 -0.0018195127   2440.2647 -569.45564 1268.7609  8 
5.7582663e-009  -8.469476e-005 0.0013015404 -0.0018193105   943.71606 -569.45564 1268.7609  4 
5.812655e-009  -8.4643432e-005 0.0013015094 -0.0018192415   2440.2647 -569.45564 1268.7609  7 
5.9243349e-009  -8.4370904e-005 0.0013014458 -0.0018190998   943.71606 -569.45564 1268.7609  2 
6.0637433e-009  -8.4239342e-005 0.0013013664 -0.001818923   2440.2647 -569.45564 1268.7609  6 
6.4621055e-009  -8.3267233e-005 0.0013011396 -0.0018184175   943.71606 -569.45564 1268.7609  2 
6.7197139e-009  -8.3024123e-005 0.0013009929 -0.0018180907   2440.2647 -569.45564 1268.7609  15 
6.885788e-009  -8.2618858e-005 0.0013008983 -0.00181788   943.71606 -569.45564 1268.7609  3 
6.9489056e-009  -8.2559293e-005 0.0013008624 -0.0018177999   2440.2647 -569.45564 1268.7609  14 
7.0454448e-009  -8.2323712e-005 0.0013008074 -0.0018176774   943.71606 -569.45564 1268.7609  4 
7.1637424e-009  -8.2212073e-005 0.00130074 -0.0018175273   2440.2647 -569.45564 1268.7609  14 
7.3588798e-009  -8.1735886e-005 0.0013006289 -0.0018172797   943.71606 -569.45564 1268.7609  4 
7.5477235e-009  -8.1557671e-005 0.0013005214 -0.0018170401   2440.2647 -569.45564 1268.7609  17 
8.0477235e-009  -8.0337539e-005 0.0013002366 -0.0018164058   2440.2647 -569.45564 1268.7609  17 
8.2896681e-009  -7.974713e-005 0.0013000989 -0.0018160988   3338.9672 -1712.1964 1623.9165  3 
8.4499772e-009  -7.9211863e-005 0.0012998244 -0.0018158385   4835.5159 -1712.1964 1623.9165  14 
8.5641464e-009  -7.8659796e-005 0.0012996289 -0.0018156531   3338.9672 -1712.1964 1623.9165  4 
8.5999896e-009  -7.8540117e-005 0.0012995675 -0.0018155949   4835.5159 -1712.1964 1623.9165  7 
8.9186834e-009  -7.6999068e-005 0.0012990219 -0.0018150773   3338.9672 -1712.1964 1623.9165  4 
8.9642576e-009  -7.6846897e-005 0.0012989438 -0.0018150033   4835.5159 -1712.1964 1623.9165  13 
8.9704801e-009  -7.6816808e-005 0.0012989332 -0.0018149932   3338.9672 -1712.1964 1623.9165  3 
9.422325e-009  -7.5308113e-005 0.0012981595 -0.0018142595   4835.5159 -1712.1964 1623.9165  14 
9.922325e-009  -7.2890355e-005 0.0012973034 -0.0018134475   4835.5159 -1712.1964 1623.9165  14 
1.0422325e-008  -7.0472597e-005 0.0012964473 -0.0018126355   4835.5159 -1712.1964 1623.9165  14 
1.0680351e-008  -6.9224907e-005 0.0012960055 -0.0018122165   4996.0472 -227.07063 1714.9617  4 
1.0745634e-008  -6.8898752e-005 0.0012959907 -0.0018121046   6492.5959 -227.07063 1714.9617  13 
1.1245634e-008  -6.5652454e-005 0.0012958772 -0.0018112471   6492.5959 -227.07063 1714.9617  13 
1.1248864e-008  -6.5631481e-005 0.0012958764 -0.0018112415   4996.0472 -227.07063 1714.9617  4 
1.1418781e-008  -6.4782569e-005 0.0012958379 -0.0018109501   6492.5959 -227.07063 1714.9617  13 
1.167512e-008  -6.3118261e-005 0.0012957797 -0.0018105105   4996.0472 -227.07063 1714.9617  4 
1.1706318e-008  -6.2962394e-005 0.0012957726 -0.001810457   6492.5959 -227.07063 1714.9617  8 
1.1936778e-008  -6.1466111e-005 0.0012957202 -0.0018100618   4996.0472 -227.07063 1714.9617  4 
1.2211167e-008  -6.0095252e-005 0.0012956579 -0.0018095912   6492.5959 -227.07063 1714.9617  9 
1.245845e-008  -5.8489742e-005 0.0012956018 -0.0018091672   4996.0472 -227.07063 1714.9617  4 
1.2549564e-008  -5.8034535e-005 0.0012955811 -0.0018090109   6492.5959 -227.07063 1714.9617  7 
1.3049564e-008  -5.4788237e-005 0.0012954676 -0.0018081534   6492.5959 -227.07063 1714.9617  7 
1.3549564e-008  -5.1541939e-005 0.001295354 -0.0018072959   6492.5959 -227.07063 1714.9617  7 
1.4049564e-008  -4.8295641e-005 0.0012952405 -0.0018064385   6492.5959 -227.07063 1714.9617  7 
1.4239887e-008  -4.7059947e-005 0.0012951973 -0.0018061121   4996.0472 -227.07063 1714.9617  4 
1.436955e-008  -4.6412145e-005 0.0012951678 -0.0018058897   6492.5959 -227.07063 1714.9617  9 
1.4485929e-008  -4.5656541e-005 0.0012951414 -0.0018056901   5333.6015 413.66042 2411.9824  2 
1.4491101e-008  -4.5628956e-005 0.0012951435 -0.0018056776   6830.1502 413.66042 2411.9824  6 
1.4956766e-008  -4.2448396e-005 0.0012953362 -0.0018045545   5333.6015 413.66042 2411.9824  2 
1.5086526e-008  -4.1756308e-005 0.0012953899 -0.0018042415   6830.1502 413.66042 2411.9824  6 
1.5170401e-008  -4.1183426e-005 0.0012954245 -0.0018040392   5333.6015 413.66042 2411.9824  2 
1.5235683e-008  -4.0835241e-005 0.0012954516 -0.0018038817   6830.1502 413.66042 2411.9824  9 
1.553752e-008  -3.8773649e-005 0.0012955764 -0.0018031537   5333.6015 413.66042 2411.9824  2 
1.5668645e-008  -3.8074281e-005 0.0012956306 -0.0018028374   6830.1502 413.66042 2411.9824  7 
1.5768741e-008  -3.7390607e-005 0.0012956721 -0.001802596   5333.6015 413.66042 2411.9824  4 
1.6061241e-008  -3.5830532e-005 0.0012957931 -0.0018018905   6830.1502 413.66042 2411.9824  8 
1.6501186e-008  -3.2825639e-005 0.001295975 -0.0018008293   7054.4927 1517.0957 1426.212  2 
1.6587646e-008  -3.2215705e-005 0.0012961062 -0.001800706   8551.0413 1517.0957 1426.212  6 
1.6992423e-008  -2.8754447e-005 0.0012967203 -0.0018001287   7054.4927 1517.0957 1426.212  2 
1.7010244e-008  -2.8628726e-005 0.0012967473 -0.0018001033   8551.0413 1517.0957 1426.212  6 
1.7213934e-008  -2.6886962e-005 0.0012970563 -0.0017998128   7054.4927 1517.0957 1426.212  2 
1.7252378e-008  -2.6615759e-005 0.0012971147 -0.001799758   8551.0413 1517.0957 1426.212  9 
1.7752378e-008  -2.2340238e-005 0.0012978732 -0.0017990449   8551.0413 1517.0957 1426.212  9 
1.8252378e-008  -1.8064718e-005 0.0012986318 -0.0017983318   8551.0413 1517.0957 1426.212  9 
1.8556275e-008  -1.5466087e-005 0.0012990928 -0.0017978983   7054.4927 1517.0957 1426.212  2 
1.8912866e-008  -1.2950514e-005 0.0012996338 -0.0017973898   8551.0413 1517.0957 1426.212  9 
1.9412866e-008  -8.6749938e-006 0.0013003923 -0.0017966767   8551.0413 1517.0957 1426.212  9 
1.9912866e-008  -4.3994731e-006 0.0013011509 -0.0017959636   8551.0413 1517.0957 1426.212  9 
2.0412866e-008  -1.2395247e-007 0.0013019094 -0.0017952505   8551.0413 1517.0957 1426.212  9 
2.0435261e-008  6.7547739e-008 0.0013019434 -0.0017952185   7054.4927 1517.0957 1426.212  4 
2.0674228e-008  1.7533357e-006 0.0013023059 -0.0017948777   8551.0413 1517.0957 1426.212  7 
2.1174228e-008  6.0288563e-006 0.0013030645 -0.0017941646   8551.0413 1517.0957 1426.212  7 
2.1674228e-008  1.0304377e-005 0.001303823 -0.0017934515   8551.0413 1517.0957 1426.212  7 
2.2174228e-008  1.4579898e-005 0.0013045816 -0.0017927384   8551.0413 1517.0957 1426.212  7 
2.2447661e-008  1.6918039e-005 0.0013049964 -0.0017923484   7054.4927 1517.0957 1426.212  4 
2.2539306e-008  1.7564546e-005 0.0013051354 -0.0017922177   8551.0413 1517.0957 1426.212  8 
2.2757968e-008  1.9434338e-005 0.0013054672 -0.0017919058   7054.4927 1517.0957 1426.212  4 
2.3256267e-008  2.2949579e-005 0.0013062231 -0.0017911952   8551.0413 1517.0957 1426.212  13 
2.3733916e-008  2.7033981e-005 0.0013069478 -0.0017905139   7054.4927 1517.0957 1426.212  4 
2.4080082e-008  2.9476002e-005 0.0013074729 -0.0017900202   8551.0413 1517.0957 1426.212  17 
2.4580082e-008  3.3751523e-005 0.0013082315 -0.0017893071   8551.0413 1517.0957 1426.212  17 
2.458016e-008  3.3752192e-005 0.0013082316 -0.001789307   7054.4927 1517.0957 1426.212  4 
2.4597806e-008  3.3876675e-005 0.0013082584 -0.0017892818   8551.0413 1517.0957 1426.212  9 
2.4726666e-008  3.4978559e-005 0.0013084539 -0.0017890981   7054.4927 1517.0957 1426.212  4 
2.4857575e-008  3.5902061e-005 0.0013086525 -0.0017889114   8551.0413 1517.0957 1426.212  17 
2.5357575e-008  4.0177581e-005 0.001309411 -0.0017881983   8551.0413 1517.0957 1426.212  17 
2.5857575e-008  4.4453102e-005 0.0013101696 -0.0017874851   8551.0413 1517.0957 1426.212  17 
2.6357575e-008  4.8728623e-005 0.0013109281 -0.001786772   8551.0413 1517.0957 1426.212  17 
2.6432275e-008  4.9367384e-005 0.0013110415 -0.0017866655   7054.4927 1517.0957 1426.212  3 
2.6437574e-008  4.9404765e-005 0.0013110495 -0.0017866579   8551.0413 1517.0957 1426.212  15 
2.6937574e-008  5.3680285e-005 0.001311808 -0.0017859448   8551.0413 1517.0957 1426.212  15 
2.7124083e-008  5.5275129e-005 0.001312091 -0.0017856788   10013.198 1769.4053 1231.0342  4 
2.7200267e-008  5.6037977e-005 0.0013122258 -0.0017855851   11509.747 1769.4053 1231.0342  9 
2.7700267e-008  6.1792851e-005 0.0013131105 -0.0017849695   11509.747 1769.4053 1231.0342  9 
2.7797583e-008  6.2912932e-005 0.0013132827 -0.0017848497   10013.198 1769.4053 1231.0342  2 
2.8297583e-008  6.7919531e-005 0.0013141674 -0.0017842342   10013.198 1769.4053 1231.0342  2 
2.8359824e-008  6.8542759e-005 0.0013142775 -0.0017841576   11509.747 1769.4053 1231.0342  6 
2.8859824e-008  7.4297633e-005 0.0013151622 -0.0017835421   11509.747 1769.4053 1231.0342  6 
2.9359824e-008  8.0052507e-005 0.0013160469 -0.0017829266   11509.747 1769.4053 1231.0342  6 
2.9859824e-008  8.580738e-005 0.0013169316 -0.001782311   11509.747 1769.4053 1231.0342  6 
2.9880614e-008  8.6046673e-005 0.0013169684 -0.0017822855   10013.198 1769.4053 1231.0342  2 
2.9946837e-008  8.6709776e-005 0.0013170856 -0.0017822039   11509.747 1769.4053 1231.0342  6 
3.0446837e-008  9.2464649e-005 0.0013179703 -0.0017815884   11509.747 1769.4053 1231.0342  6 
3.0506849e-008  9.3155379e-005 0.0013180765 -0.0017815145   10013.198 1769.4053 1231.0342  2 
3.0514738e-008  9.3234366e-005 0.0013180904 -0.0017815048   11509.747 1769.4053 1231.0342  14 
3.1014738e-008  9.898924e-005 0.0013189751 -0.0017808893   11509.747 1769.4053 1231.0342  14 
3.1322747e-008  0.00010253435 0.0013195201 -0.0017805101   10013.198 1769.4053 1231.0342  3 
3.1339551e-008  0.00010270261 0.0013195499 -0.0017804895   11509.747 1769.4053 1231.0342  15 
3.1546904e-008  0.00010508919 0.0013199168 -0.0017802342   10283.686 2001.052 404.7344  2 
3.1551978e-008  0.00010514137 0.0013199269 -0.0017802321   11780.234 2001.052 404.7344  7 
3.2051978e-008  0.00011103149 0.0013209274 -0.0017800298   11780.234 2001.052 404.7344  7 
3.2077744e-008  0.00011133502 0.001320979 -0.0017800193   10283.686 2001.052 404.7344  4 
3.2172411e-008  0.00011230854 0.0013211684 -0.001779981   11780.234 2001.052 404.7344  7 
3.217633e-008  0.00011235471 0.0013211763 -0.0017799794   10283.686 2001.052 404.7344  4 
3.2347144e-008  0.00011411131 0.0013215181 -0.0017799103   11780.234 2001.052 404.7344  8 
3.2847144e-008  0.00012000143 0.0013225186 -0.0017797079   11780.234 2001.052 404.7344  8 
3.3347144e-008  0.00012589155 0.0013235191 -0.0017795056   11780.234 2001.052 404.7344  8 
3.3838893e-008  0.00013168446 0.0013245031 -0.0017793065   11624.638 3133.306 1370.8776  2 
3.4018041e-008  0.00013376699 0.0013250645 -0.001779061   13121.187 3133.306 1370.8776  6 
3.4480689e-008  0.00013983749 0.0013265141 -0.0017784267   11624.638 3133.306 1370.8776  2 
3.4709828e-008  0.00014250115 0.001327232 -0.0017781126   13121.187 3133.306 1370.8776  6 
3.5209828e-008  0.00014906174 0.0013287987 -0.0017774272   13121.187 3133.306 1370.8776  6 
3.5243949e-008  0.00014950944 0.0013289056 -0.0017773804   11624.638 3133.306 1370.8776  2 
3.5302055e-008  0.0001501849 0.0013290877 -0.0017773007   13121.187 3133.306 1370.8776  6 
3.5772878e-008  0.00015636266 0.0013305629 -0.0017766553   11624.638 3133.306 1370.8776  2 
3.6171111e-008  0.00016099198 0.0013318107 -0.0017761094   13121.187 3133.306 1370.8776  13 
3.6671111e-008  0.00016755257 0.0013333773 -0.0017754239   13121.187 3133.306 1370.8776  13 
3.7171111e-008  0.00017411316 0.001334944 -0.0017747385   13121.187 3133.306 1370.8776  13 
3.7671111e-008  0.00018067376 0.0013365107 -0.001774053   13121.187 3133.306 1370.8776  13 
3.8171111e-008  0.00018723435 0.0013380773 -0.0017733676   13121.187 3133.306 1370.8776  13 
3.8671111e-008  0.00019379494 0.001339644 -0.0017726822   13121.187 3133.306 1370.8776  13 
3.9171111e-008  0.00020035554 0.0013412106 -0.0017719967   13121.187 3133.306 1370.8776  13 
3.9671111e-008  0.00020691613 0.0013427773 -0.0017713113   13121.187 3133.306 1370.8776  13 
4.0171111e-008  0.00021347672 0.0013443439 -0.0017706258   13121.187 3133.306 1370.8776  13 
4.0671111e-008  0.00022003732 0.0013459106 -0.0017699404   13121.187 3133.306 1370.8776  13 
4.1171111e-008  0.00022659791 0.0013474772 -0.001769255   13121.187 3133.306 1370.8776  13 
4.1671111e-008  0.0002331585 0.0013490439 -0.0017685695   13121.187 3133.306 1370.8776  13 
4.2171111e-008  0.0002397191 0.0013506105 -0.0017678841   13121.187 3133.306 1370.8776  13 
4.2174651e-008  0.00023976554 0.0013506216 -0.0017678792   11624.638 3133.306 1370.8776  3 
4.2184703e-008  0.0002398824 0.0013506531 -0.0017678655   13121.187 3133.306 1370.8776  15 
4.2684703e-008  0.00024644299 0.0013522198 -0.00176718   13121.187 3133.306 1370.8776  15 
4.2848452e-008  0.00024859157 0.0013527328 -0.0017669555   12684.711 1915.2732 2122.9032  4 
4.2862064e-008  0.00024876424 0.0013527589 -0.0017669266   14181.259 1915.2732 2122.9032  14 
4.3031207e-008  0.0002511629 0.0013530829 -0.0017665676   12684.711 1915.2732 2122.9032  4 
4.3447861e-008  0.00025644802 0.0013538809 -0.0017656831   14181.259 1915.2732 2122.9032  13 
4.3947861e-008  0.00026353865 0.0013548385 -0.0017646216   14181.259 1915.2732 2122.9032  13 
4.4447861e-008  0.00027062928 0.0013557962 -0.0017635602   14181.259 1915.2732 2122.9032  13 
4.4947861e-008  0.00027771991 0.0013567538 -0.0017624987   14181.259 1915.2732 2122.9032  13 
4.5447861e-008  0.00028481054 0.0013577114 -0.0017614373   14181.259 1915.2732 2122.9032  13 
4.5947861e-008  0.00029190117 0.0013586691 -0.0017603758   14181.259 1915.2732 2122.9032  13 
4.6447861e-008  0.0002989918 0.0013596267 -0.0017593143   14181.259 1915.2732 2122.9032  13 
4.6947861e-008  0.00030608243 0.0013605843 -0.0017582529   14181.259 1915.2732 2122.9032  13 
4.7447861e-008  0.00031317306 0.001361542 -0.0017571914   14181.259 1915.2732 2122.9032  13 
4.7947861e-008  0.00032026369 0.0013624996 -0.00175613   14181.259 1915.2732 2122.9032  13 
4.8447861e-008  0.00032735432 0.0013634572 -0.0017550685   14181.259 1915.2732 2122.9032  13 
4.8947861e-008  0.00033444495 0.0013644149 -0.0017540071   14181.259 1915.2732 2122.9032  13 
4.9447861e-008  0.00034153558 0.0013653725 -0.0017529456   14181.259 1915.2732 2122.9032  13 
4.9947861e-008  0.00034862621 0.0013663302 -0.0017518842   14181.259 1915.2732 2122.9032  13 
5.0447861e-008  0.00035571684 0.0013672878 -0.0017508227   14181.259 1915.2732 2122.9032  13 
5.0947861e-008  0.00036280747 0.0013682454 -0.0017497613   14181.259 1915.2732 2122.9032  13 
5.1447861e-008  0.0003698981 0.0013692031 -0.0017486998   14181.259 1915.2732 2122.9032  13 
5.1947861e-008  0.00037698872 0.0013701607 -0.0017476384   14181.259 1915.2732 2122.9032  13 
5.214619e-008  0.00037980128 0.0013705406 -0.0017472173   13059.502 983.50006 1786.5741  2 
5.2302083e-008  0.00038183717 0.0013706939 -0.0017469388   14556.051 983.50006 1786.5741  6 
5.2802083e-008  0.0003891152 0.0013711856 -0.0017460455   14556.051 983.50006 1786.5741  6 
5.3280352e-008  0.00039607691 0.001371656 -0.0017451911   15464.191 -205.00463 1738.0056  4 
5.3347402e-008  0.00039711377 0.0013716423 -0.0017450745   16960.74 -205.00463 1738.0056  15 
5.3847402e-008  0.00040559414 0.0013715398 -0.0017442055   16960.74 -205.00463 1738.0056  15 
5.3997892e-008  0.00040814657 0.0013715089 -0.001743944   18419.291 -537.49219 1696.3005  3 
5.4428515e-008  0.00041607834 0.0013712775 -0.0017432135   19915.84 -537.49219 1696.3005  14 
5.4928515e-008  0.00042603626 0.0013710087 -0.0017423654   19915.84 -537.49219 1696.3005  14 
5.5051964e-008  0.00042849484 0.0013709424 -0.001742156   18419.291 -537.49219 1696.3005  3 
5.5216014e-008  0.00043151654 0.0013708542 -0.0017418777   19915.84 -537.49219 1696.3005  16 
5.5550421e-008  0.00043817654 0.0013706744 -0.0017413104   20342.214 -418.31916 266.73374  2 
5.6050421e-008  0.00044834764 0.0013704653 -0.0017411771   20342.214 -418.31916 266.73374  2 
5.6482458e-008  0.00045713623 0.0013702845 -0.0017410618   21838.762 -418.31916 266.73374  14 
5.6884238e-008  0.0004659106 0.0013701165 -0.0017409547   23228.748 -961.99856 157.13448  4 
5.7384238e-008  0.00047752497 0.0013696355 -0.0017408761   23228.748 -961.99856 157.13448  4 
5.7884238e-008  0.00048913934 0.0013691545 -0.0017407975   23228.748 -961.99856 157.13448  4 
5.8384238e-008  0.00050075372 0.0013686735 -0.001740719   23228.748 -961.99856 157.13448  4 
5.8884238e-008  0.00051236809 0.0013681925 -0.0017406404   23228.748 -961.99856 157.13448  4 
5.9199611e-008  0.00051969381 0.0013678891 -0.0017405908   24725.296 -961.99856 157.13448  17 
5.9699611e-008  0.00053205646 0.0013674081 -0.0017405123   24725.296 -961.99856 157.13448  17 
6.0199611e-008  0.0005444191 0.0013669271 -0.0017404337   24725.296 -961.99856 157.13448  17 
6.0583576e-008  0.00055391276 0.0013665577 -0.0017403734   23228.748 -961.99856 157.13448  4 
6.095119e-008  0.00056245196 0.0013662041 -0.0017403156   24725.296 -961.99856 157.13448  7 
6.145119e-008  0.00057481461 0.0013657231 -0.001740237   24725.296 -961.99856 157.13448  7 
6.195119e-008  0.00058717726 0.0013652421 -0.0017401585   24725.296 -961.99856 157.13448  7 
6.245119e-008  0.00059953991 0.0013647611 -0.0017400799   24725.296 -961.99856 157.13448  7 
6.295119e-008  0.00061190256 0.0013642801 -0.0017400013   24725.296 -961.99856 157.13448  7 
6.345119e-008  0.00062426521 0.0013637991 -0.0017399228   24725.296 -961.99856 157.13448  7 
6.3948871e-008  0.00063657054 0.0013633203 -0.0017398446   23228.748 -961.99856 157.13448  4 
6.4237647e-008  0.00064327843 0.0013630425 -0.0017397992   24725.296 -961.99856 157.13448  17 
6.4737647e-008  0.00065564108 0.0013625615 -0.0017397206   24725.296 -961.99856 157.13448  17 
6.5237647e-008  0.00066800373 0.0013620805 -0.0017396421   24725.296 -961.99856 157.13448  17 
6.5737647e-008  0.00068036637 0.0013615995 -0.0017395635   24725.296 -961.99856 157.13448  17 
6.6174212e-008  0.00069116057 0.0013611795 -0.0017394949   23533.28 -276.88747 748.21594  3 
6.6674212e-008  0.00070292721 0.0013610411 -0.0017391208   23533.28 -276.88747 748.21594  3 
6.7174212e-008  0.00071469385 0.0013609026 -0.0017387467   23533.28 -276.88747 748.21594  3 
6.7674212e-008  0.00072646049 0.0013607642 -0.0017383726   23533.28 -276.88747 748.21594  3 
6.8174212e-008  0.00073822713 0.0013606258 -0.0017379985   23533.28 -276.88747 748.21594  3 
6.8674212e-008  0.00074999377 0.0013604873 -0.0017376243   23533.28 -276.88747 748.21594  3 
6.8796828e-008  0.00075287933 0.0013604534 -0.0017375326   25029.828 -276.88747 748.21594  17 
6.9296828e-008  0.00076539424 0.0013603149 -0.0017371585   25029.828 -276.88747 748.21594  17 
6.9501913e-008  0.00077052748 0.0013602581 -0.001737005   24738.884 -1313.162 -291.56507  3 
6.9982744e-008  0.00078242271 0.0013596267 -0.0017371452   26235.433 -1313.162 -291.56507  16 
7.0482744e-008  0.00079554043 0.0013589701 -0.001737291   26235.433 -1313.162 -291.56507  16 
7.0527954e-008  0.00079672652 0.0013589108 -0.0017373042   24806.877 -957.73377 -22.200531  4 
7.1027954e-008  0.00080912996 0.0013584319 -0.0017373153   24806.877 -957.73377 -22.200531  4 
7.1506244e-008  0.00082099486 0.0013579738 -0.0017373259   26303.426 -957.73377 -22.200531  7 
7.2006244e-008  0.00083414657 0.001357495 -0.001737337   26303.426 -957.73377 -22.200531  7 
7.2506244e-008  0.00084729828 0.0013570161 -0.0017373481   26303.426 -957.73377 -22.200531  7 
7.2863747e-008  0.00085670183 0.0013566737 -0.0017373561   24806.877 -957.73377 -22.200531  2 
7.3158788e-008  0.00086402087 0.0013563911 -0.0017373626   26303.426 -957.73377 -22.200531  8 
7.3658788e-008  0.00087717258 0.0013559123 -0.0017373737   26303.426 -957.73377 -22.200531  8 
7.4108061e-008  0.00088899 0.001355482 -0.0017373837   24806.877 -957.73377 -22.200531  2 
7.431216e-008  0.00089405306 0.0013552865 -0.0017373882   26303.426 -957.73377 -22.200531  9 
7.4591313e-008  0.00090139574 0.0013550192 -0.0017373944   24806.877 -957.73377 -22.200531  4 
7.5091313e-008  0.00091379917 0.0013545403 -0.0017374055   24806.877 -957.73377 -22.200531  4 
7.5431303e-008  0.00092223328 0.0013542147 -0.0017374131   26303.426 -957.73377 -22.200531  14 
7.5931303e-008  0.000935385 0.0013537358 -0.0017374242   26303.426 -957.73377 -22.200531  14 
7.6431303e-008  0.00094853671 0.0013532569 -0.0017374353   26303.426 -957.73377 -22.200531  14 
7.6931303e-008  0.00096168842 0.0013527781 -0.0017374464   26303.426 -957.73377 -22.200531  14 
7.7431303e-008  0.00097484014 0.0013522992 -0.0017374575   26303.426 -957.73377 -22.200531  14 
7.777718e-008  0.00098393789 0.0013519679 -0.0017374651   26988.847 205.41347 623.51112  4 
7.8256383e-008  0.00099687102 0.0013520664 -0.0017371664   28485.396 205.41347 623.51112  15 
7.8756383e-008  0.0010111137 0.0013521691 -0.0017368546   28485.396 205.41347 623.51112  15 
7.9256383e-008  0.0010253564 0.0013522718 -0.0017365428   28485.396 205.41347 623.51112  15 
7.9756383e-008  0.0010395991 0.0013523745 -0.0017362311   28485.396 205.41347 623.51112  15 
8.0256383e-008  0.0010538418 0.0013524772 -0.0017359193   28485.396 205.41347 623.51112  15 
8.0756383e-008  0.0010680845 0.0013525799 -0.0017356076   28485.396 205.41347 623.51112  15 
8.1256383e-008  0.0010823272 0.0013526826 -0.0017352958   28485.396 205.41347 623.51112  15 
8.1756383e-008  0.0010965699 0.0013527853 -0.0017349841   28485.396 205.41347 623.51112  15 
8.2251288e-008  0.0011106675 0.001352887 -0.0017346755   26988.847 205.41347 623.51112  3 
8.2751288e-008  0.0011241619 0.0013529897 -0.0017343637   26988.847 205.41347 623.51112  3 
8.3251288e-008  0.0011376563 0.0013530924 -0.001734052   26988.847 205.41347 623.51112  3 
8.3751288e-008  0.0011511507 0.0013531951 -0.0017337402   26988.847 205.41347 623.51112  3 
8.3827746e-008  0.0011532142 0.0013532108 -0.0017336925   28485.396 205.41347 623.51112  16 
8.4327746e-008  0.0011674569 0.0013533135 -0.0017333808   28485.396 205.41347 623.51112  16 
8.4827746e-008  0.0011816996 0.0013534162 -0.001733069   28485.396 205.41347 623.51112  16 
8.5327746e-008  0.0011959423 0.0013535189 -0.0017327573   28485.396 205.41347 623.51112  16 
8.5827746e-008  0.001210185 0.0013536216 -0.0017324455   28485.396 205.41347 623.51112  16 
8.5858049e-008  0.0012110482 0.0013536279 -0.0017324266   29220.318 1508.7567 652.57324  2 
8.6358049e-008  0.0012256584 0.0013543822 -0.0017321003   29220.318 1508.7567 652.57324  2 
8.6858049e-008  0.0012402686 0.0013551366 -0.0017317741   29220.318 1508.7567 652.57324  2 
8.7358049e-008  0.0012548787 0.001355891 -0.0017314478   29220.318 1508.7567 652.57324  2 
8.7858049e-008  0.0012694889 0.0013566454 -0.0017311215   29220.318 1508.7567 652.57324  2 
8.8358049e-008  0.001284099 0.0013573998 -0.0017307952   29220.318 1508.7567 652.57324  2 
8.8858049e-008  0.0012987092 0.0013581541 -0.0017304689   29220.318 1508.7567 652.57324  2 
8.9358049e-008  0.0013133193 0.0013589085 -0.0017301426   29220.318 1508.7567 652.57324  2 
8.9712045e-008  0.0013236632 0.0013594426 -0.0017299116   30716.866 1508.7567 652.57324  17 
9.0212045e-008  0.0013390216 0.001360197 -0.0017295853   30716.866 1508.7567 652.57324  17 
9.0712045e-008  0.0013543801 0.0013609514 -0.001729259   30716.866 1508.7567 652.57324  17 
9.1212045e-008  0.0013697385 0.0013617057 -0.0017289328   30716.866 1508.7567 652.57324  17 
9.1712045e-008  0.0013850969 0.0013624601 -0.0017286065   30716.866 1508.7567 652.57324  17 
9.2212045e-008  0.0014004554 0.0013632145 -0.0017282802   30716.866 1508.7567 652.57324  17 
9.2664157e-008  0.0014143428 0.0013638966 -0.0017279851   29220.318 1508.7567 652.57324  4 
9.3164157e-008  0.001428953 0.001364651 -0.0017276589   29220.318 1508.7567 652.57324  4 
9.3664157e-008  0.0014435632 0.0013654054 -0.0017273326   29220.318 1508.7567 652.57324  4 
9.4164157e-008  0.0014581733 0.0013661598 -0.0017270063   29220.318 1508.7567 652.57324  4 
9.4664157e-008  0.0014727835 0.0013669141 -0.00172668   29220.318 1508.7567 652.57324  4 
9.5164157e-008  0.0014873936 0.0013676685 -0.0017263537   29220.318 1508.7567 652.57324  4 
9.5664157e-008  0.0015020038 0.0013684229 -0.0017260274   29220.318 1508.7567 652.57324  4 
9.6164157e-008  0.001516614 0.0013691773 -0.0017257011   29220.318 1508.7567 652.57324  4 
9.6664157e-008  0.0015312241 0.0013699317 -0.0017253749   29220.318 1508.7567 652.57324  4 
9.7164157e-008  0.0015458343 0.001370686 -0.0017250486   29220.318 1508.7567 652.57324  4 
9.7664157e-008  0.0015604444 0.0013714404 -0.0017247223   29220.318 1508.7567 652.57324  4 
9.8164157e-008  0.0015750546 0.0013721948 -0.001724396   29220.318 1508.7567 652.57324  4 
9.8367473e-008  0.0015809955 0.0013725015 -0.0017242633   30716.866 1508.7567 652.57324  7 
9.8371445e-008  0.0015811176 0.0013725075 -0.0017242607   31180.22 1530.9512 -770.25935  3 
9.8871445e-008  0.0015967077 0.001373273 -0.0017246459   31180.22 1530.9512 -770.25935  3 
9.9371445e-008  0.0016122978 0.0013740385 -0.001725031   31180.22 1530.9512 -770.25935  3 
9.9871445e-008  0.0016278879 0.001374804 -0.0017254161   31180.22 1530.9512 -770.25935  3 
1.0037144e-007  0.001643478 0.0013755694 -0.0017258012   31180.22 1530.9512 -770.25935  3 
1.0087144e-007  0.0016590681 0.0013763349 -0.0017261864   31180.22 1530.9512 -770.25935  3 
1.0137144e-007  0.0016746582 0.0013771004 -0.0017265715   31180.22 1530.9512 -770.25935  3 
1.0187144e-007  0.0016902483 0.0013778659 -0.0017269566   31180.22 1530.9512 -770.25935  3 
1.0226736e-007  0.001702593 0.001378472 -0.0017272616   32676.769 1530.9512 -770.25935  15 
1.0236882e-007  0.0017059086 0.0013786273 -0.0017273397   31278.555 1349.8281 -1272.1069  2 
1.0286882e-007  0.0017215479 0.0013793022 -0.0017279758   31278.555 1349.8281 -1272.1069  2 
1.0336882e-007  0.0017371871 0.0013799772 -0.0017286118   31278.555 1349.8281 -1272.1069  2 
1.0386882e-007  0.0017528264 0.0013806521 -0.0017292479   31278.555 1349.8281 -1272.1069  2 
1.040863e-007  0.0017596286 0.0013809456 -0.0017295246   32775.104 1349.8281 -1272.1069  14 
1.045863e-007  0.0017760162 0.0013816205 -0.0017301606   32775.104 1349.8281 -1272.1069  14 
1.050863e-007  0.0017924037 0.0013822954 -0.0017307967   32775.104 1349.8281 -1272.1069  14 
1.055863e-007  0.0018087913 0.0013829704 -0.0017314327   32775.104 1349.8281 -1272.1069  14 
1.060863e-007  0.0018251788 0.0013836453 -0.0017320688   32775.104 1349.8281 -1272.1069  14 
1.062541e-007  0.0018306785 0.0013838718 -0.0017322822   31937.904 1960.2211 -2352.0028  4 
1.067541e-007  0.0018466475 0.0013848519 -0.0017334582   31937.904 1960.2211 -2352.0028  4 
1.069868e-007  0.0018540797 0.001385308 -0.0017340056   33434.453 1960.2211 -2352.0028  7 
1.0733068e-007  0.0018655769 0.0013859821 -0.0017348143   34517.88 990.54863 -1997.6536  3 
1.0783068e-007  0.0018828359 0.0013864774 -0.0017358132   34517.88 990.54863 -1997.6536  3 
1.0833068e-007  0.0019000948 0.0013869727 -0.001736812   34517.88 990.54863 -1997.6536  3 
1.0883068e-007  0.0019173538 0.0013874679 -0.0017378108   34517.88 990.54863 -1997.6536  3 
1.0933068e-007  0.0019346127 0.0013879632 -0.0017388097   34517.88 990.54863 -1997.6536  3 
1.0983068e-007  0.0019518716 0.0013884585 -0.0017398085   34517.88 990.54863 -1997.6536  3 
1.1033068e-007  0.0019691306 0.0013889538 -0.0017408073   34517.88 990.54863 -1997.6536  3 
1.1083068e-007  0.0019863895 0.001389449 -0.0017418061   34517.88 990.54863 -1997.6536  3 
1.1121884e-007  0.0019997881 0.0013898335 -0.0017425816   36014.429 990.54863 -1997.6536  15 
1.1171884e-007  0.0020177954 0.0013903288 -0.0017435804   36014.429 990.54863 -1997.6536  15 
1.1221884e-007  0.0020358026 0.0013908241 -0.0017445792   36014.429 990.54863 -1997.6536  15 
1.1271884e-007  0.0020538098 0.0013913194 -0.001745578   36014.429 990.54863 -1997.6536  15 
1.1282029e-007  0.0020574634 0.0013914198 -0.0017457807   34517.88 990.54863 -1997.6536  2 
1.1332029e-007  0.0020747224 0.0013919151 -0.0017467795   34517.88 990.54863 -1997.6536  2 
1.1382029e-007  0.0020919813 0.0013924104 -0.0017477784   34517.88 990.54863 -1997.6536  2 
1.1432029e-007  0.0021092403 0.0013929057 -0.0017487772   34517.88 990.54863 -1997.6536  2 
1.1482029e-007  0.0021264992 0.0013934009 -0.001749776   34517.88 990.54863 -1997.6536  2 
1.1532029e-007  0.0021437581 0.0013938962 -0.0017507748   34517.88 990.54863 -1997.6536  2 
1.1582029e-007  0.0021610171 0.0013943915 -0.0017517737   34517.88 990.54863 -1997.6536  2 
1.1632029e-007  0.002178276 0.0013948868 -0.0017527725   34517.88 990.54863 -1997.6536  2 
1.1682029e-007  0.002195535 0.001395382 -0.0017537713   34517.88 990.54863 -1997.6536  2 
1.1719442e-007  0.002208449 0.0013957526 -0.0017545187   36014.429 990.54863 -1997.6536  6 
1.1769442e-007  0.0022264562 0.0013962479 -0.0017555175   36014.429 990.54863 -1997.6536  6 
1.1819442e-007  0.0022444634 0.0013967432 -0.0017565163   36014.429 990.54863 -1997.6536  6 
1.1869442e-007  0.0022624706 0.0013972385 -0.0017575152   36014.429 990.54863 -1997.6536  6 
1.1919442e-007  0.0022804779 0.0013977337 -0.001758514   36014.429 990.54863 -1997.6536  6 
1.1969442e-007  0.0022984851 0.001398229 -0.0017595128   36014.429 990.54863 -1997.6536  6 
1.2015091e-007  0.0023149253 0.0013986812 -0.0017604247   35469.386 1727.3456 -3180.7344  4 
1.2065091e-007  0.00233266 0.0013995449 -0.0017620151   35469.386 1727.3456 -3180.7344  4 
1.2115091e-007  0.0023503947 0.0014004085 -0.0017636055   35469.386 1727.3456 -3180.7344  4 
1.2165091e-007  0.0023681294 0.0014012722 -0.0017651958   35469.386 1727.3456 -3180.7344  4 
1.2215091e-007  0.0023858641 0.0014021359 -0.0017667862   35469.386 1727.3456 -3180.7344  4 
1.2265091e-007  0.0024035988 0.0014029995 -0.0017683766   35469.386 1727.3456 -3180.7344  4 
1.2315091e-007  0.0024213335 0.0014038632 -0.0017699669   35469.386 1727.3456 -3180.7344  4 
1.2365091e-007  0.0024390682 0.0014047269 -0.0017715573   35469.386 1727.3456 -3180.7344  4 
1.2415091e-007  0.0024568029 0.0014055906 -0.0017731477   35469.386 1727.3456 -3180.7344  4 
1.2465091e-007  0.0024745376 0.0014064542 -0.001774738   35469.386 1727.3456 -3180.7344  4 
1.2473157e-007  0.0024773983 0.0014065936 -0.0017749946   36965.934 1727.3456 -3180.7344  13 
1.2523157e-007  0.0024958813 0.0014074572 -0.0017765849   36965.934 1727.3456 -3180.7344  13 
1.2573157e-007  0.0025143643 0.0014083209 -0.0017781753   36965.934 1727.3456 -3180.7344  13 
1.2599901e-007  0.0025242506 0.0014087829 -0.001779026   37155.775 2081.9725 -1739.2566  2 
1.2649901e-007  0.0025428285 0.0014098239 -0.0017798956   37155.775 2081.9725 -1739.2566  2 
1.2699901e-007  0.0025614064 0.0014108648 -0.0017807652   37155.775 2081.9725 -1739.2566  2 
1.2749901e-007  0.0025799843 0.0014119058 -0.0017816349   37155.775 2081.9725 -1739.2566  2 
1.2799901e-007  0.0025985622 0.0014129468 -0.0017825045   37155.775 2081.9725 -1739.2566  2 
1.2849901e-007  0.0026171401 0.0014139878 -0.0017833741   37155.775 2081.9725 -1739.2566  2 
1.2899901e-007  0.002635718 0.0014150288 -0.0017842438   37155.775 2081.9725 -1739.2566  2 
1.2949901e-007  0.0026542959 0.0014160698 -0.0017851134   37155.775 2081.9725 -1739.2566  2 
1.2963729e-007  0.0026594338 0.0014163577 -0.0017853539   38652.323 2081.9725 -1739.2566  9 
1.3013729e-007  0.00267876 0.0014173987 -0.0017862235   38652.323 2081.9725 -1739.2566  9 
1.3063729e-007  0.0026980861 0.0014184396 -0.0017870931   38652.323 2081.9725 -1739.2566  9 
1.3113729e-007  0.0027174123 0.0014194806 -0.0017879628   38652.323 2081.9725 -1739.2566  9 
1.3163729e-007  0.0027367384 0.0014205216 -0.0017888324   38652.323 2081.9725 -1739.2566  9 
1.3213729e-007  0.0027560646 0.0014215626 -0.001789702   38652.323 2081.9725 -1739.2566  9 
1.3263729e-007  0.0027753908 0.0014226036 -0.0017905717   38652.323 2081.9725 -1739.2566  9 
1.3313729e-007  0.0027947169 0.0014236446 -0.0017914413   38652.323 2081.9725 -1739.2566  9 
1.3363729e-007  0.0028140431 0.0014246856 -0.0017923109   38652.323 2081.9725 -1739.2566  9 
1.3413729e-007  0.0028333692 0.0014257265 -0.0017931805   38652.323 2081.9725 -1739.2566  9 
1.3463729e-007  0.0028526954 0.0014267675 -0.0017940502   38652.323 2081.9725 -1739.2566  9 
1.3480161e-007  0.0028590465 0.0014271096 -0.001794336   37155.775 2081.9725 -1739.2566  4 
1.3530161e-007  0.0028776244 0.0014281506 -0.0017952056   37155.775 2081.9725 -1739.2566  4 
1.3580161e-007  0.0028962023 0.0014291916 -0.0017960752   37155.775 2081.9725 -1739.2566  4 
1.3630161e-007  0.0029147801 0.0014302326 -0.0017969448   37155.775 2081.9725 -1739.2566  4 
1.3680161e-007  0.002933358 0.0014312736 -0.0017978145   37155.775 2081.9725 -1739.2566  4 
1.3730161e-007  0.0029519359 0.0014323146 -0.0017986841   37155.775 2081.9725 -1739.2566  4 
1.3780161e-007  0.0029705138 0.0014333555 -0.0017995537   37155.775 2081.9725 -1739.2566  4 
1.3830161e-007  0.0029890917 0.0014343965 -0.0018004234   37155.775 2081.9725 -1739.2566  4 
1.3880161e-007  0.0030076696 0.0014354375 -0.001801293   37155.775 2081.9725 -1739.2566  4 
1.3930161e-007  0.0030262475 0.0014364785 -0.0018021626   37155.775 2081.9725 -1739.2566  4 
1.3980161e-007  0.0030448254 0.0014375195 -0.0018030322   37155.775 2081.9725 -1739.2566  4 
1.4030161e-007  0.0030634032 0.0014385605 -0.0018039019   37155.775 2081.9725 -1739.2566  4 
1.4080161e-007  0.0030819811 0.0014396015 -0.0018047715   37155.775 2081.9725 -1739.2566  4 
1.4130161e-007  0.003100559 0.0014406425 -0.0018056411   37155.775 2081.9725 -1739.2566  4 
1.4131225e-007  0.0031009547 0.0014406646 -0.0018056596   38652.323 2081.9725 -1739.2566  13 
1.4181225e-007  0.0031202808 0.0014417056 -0.0018065293   38652.323 2081.9725 -1739.2566  13 
1.4231225e-007  0.003139607 0.0014427466 -0.0018073989   38652.323 2081.9725 -1739.2566  13 
1.4277306e-007  0.0031574182 0.001443706 -0.0018082004   37266.782 2308.9256 -2257.3546  4 
1.4327306e-007  0.0031760516 0.0014448604 -0.001809329   37266.782 2308.9256 -2257.3546  4 
1.4361357e-007  0.0031887414 0.0014456467 -0.0018100977   38763.331 2308.9256 -2257.3546  9 
1.4411357e-007  0.0032081231 0.0014468011 -0.0018112264   38763.331 2308.9256 -2257.3546  9 
1.4461357e-007  0.0032275047 0.0014479556 -0.001812355   38763.331 2308.9256 -2257.3546  9 
1.4511357e-007  0.0032468864 0.00144911 -0.0018134837   38763.331 2308.9256 -2257.3546  9 
1.4561357e-007  0.0032662681 0.0014502645 -0.0018146124   38763.331 2308.9256 -2257.3546  9 
1.4572811e-007  0.0032707078 0.001450529 -0.0018148709   38991.267 3330.1124 -1187.3712  2 
1.4622811e-007  0.0032902034 0.001452194 -0.0018154646   38991.267 3330.1124 -1187.3712  2 
1.4672811e-007  0.003309699 0.0014538591 -0.0018160583   38991.267 3330.1124 -1187.3712  2 
1.4722811e-007  0.0033291947 0.0014555241 -0.001816652   38991.267 3330.1124 -1187.3712  2 
1.4772811e-007  0.0033486903 0.0014571892 -0.0018172457   38991.267 3330.1124 -1187.3712  2 
1.4822811e-007  0.0033681859 0.0014588542 -0.0018178394   38991.267 3330.1124 -1187.3712  2 
1.4872811e-007  0.0033876816 0.0014605193 -0.0018184331   38991.267 3330.1124 -1187.3712  2 
1.4922811e-007  0.0034071772 0.0014621844 -0.0018190267   38991.267 3330.1124 -1187.3712  2 
1.4972811e-007  0.0034266728 0.0014638494 -0.0018196204   38991.267 3330.1124 -1187.3712  2 
1.5022811e-007  0.0034461685 0.0014655145 -0.0018202141   38991.267 3330.1124 -1187.3712  2 
1.5072811e-007  0.0034656641 0.0014671795 -0.0018208078   38991.267 3330.1124 -1187.3712  2 
1.5122811e-007  0.0034851597 0.0014688446 -0.0018214015   38991.267 3330.1124 -1187.3712  2 
1.5172811e-007  0.0035046554 0.0014705096 -0.0018219952   38991.267 3330.1124 -1187.3712  2 
1.5222811e-007  0.003524151 0.0014721747 -0.0018225889   38991.267 3330.1124 -1187.3712  2 
1.5254512e-007  0.0035365117 0.0014732304 -0.0018229653   40487.816 3330.1124 -1187.3712  6 
1.5304512e-007  0.0035567556 0.0014748954 -0.001823559   40487.816 3330.1124 -1187.3712  6 
1.5354512e-007  0.0035769995 0.0014765605 -0.0018241526   40487.816 3330.1124 -1187.3712  6 
1.5404512e-007  0.0035972434 0.0014782255 -0.0018247463   40487.816 3330.1124 -1187.3712  6 
1.5454512e-007  0.0036174873 0.0014798906 -0.00182534   40487.816 3330.1124 -1187.3712  6 
1.5467401e-007  0.0036227059 0.0014803198 -0.0018254931   40499.854 2048.5723 -414.62779  4 
1.5517401e-007  0.0036429559 0.0014813441 -0.0018257004   40499.854 2048.5723 -414.62779  4 
1.5567401e-007  0.0036632058 0.0014823684 -0.0018259077   40499.854 2048.5723 -414.62779  4 
1.5617401e-007  0.0036834557 0.0014833927 -0.001826115   40499.854 2048.5723 -414.62779  4 
1.5667401e-007  0.0037037056 0.001484417 -0.0018263223   40499.854 2048.5723 -414.62779  4 
1.5717401e-007  0.0037239556 0.0014854413 -0.0018265296   40499.854 2048.5723 -414.62779  4 
1.5767401e-007  0.0037442055 0.0014864655 -0.0018267369   40499.854 2048.5723 -414.62779  4 
1.5817401e-007  0.0037644554 0.0014874898 -0.0018269443   40499.854 2048.5723 -414.62779  4 
1.5867401e-007  0.0037847054 0.0014885141 -0.0018271516   40499.854 2048.5723 -414.62779  4 
1.5917401e-007  0.0038049553 0.0014895384 -0.0018273589   40499.854 2048.5723 -414.62779  4 
1.5967401e-007  0.0038252052 0.0014905627 -0.0018275662   40499.854 2048.5723 -414.62779  4 
1.5978662e-007  0.0038297657 0.0014907934 -0.0018276129   41996.403 2048.5723 -414.62779  14 
1.6028662e-007  0.0038507639 0.0014918177 -0.0018278202   41996.403 2048.5723 -414.62779  14 
1.6078662e-007  0.0038717621 0.0014928419 -0.0018280275   41996.403 2048.5723 -414.62779  14 
1.6128662e-007  0.0038927603 0.0014938662 -0.0018282348   41996.403 2048.5723 -414.62779  14 
1.6178662e-007  0.0039137585 0.0014948905 -0.0018284421   41996.403 2048.5723 -414.62779  14 
1.6228662e-007  0.0039347567 0.0014959148 -0.0018286495   41996.403 2048.5723 -414.62779  14 
1.6278662e-007  0.0039557549 0.0014969391 -0.0018288568   41996.403 2048.5723 -414.62779  14 
1.6328662e-007  0.0039767531 0.0014979634 -0.0018290641   41996.403 2048.5723 -414.62779  14 
1.6378662e-007  0.0039977513 0.0014989877 -0.0018292714   41996.403 2048.5723 -414.62779  14 
1.6428662e-007  0.0040187495 0.0015000119 -0.0018294787   41996.403 2048.5723 -414.62779  14 
1.6478662e-007  0.0040397477 0.0015010362 -0.001829686   41996.403 2048.5723 -414.62779  14 
1.648654e-007  0.0040430565 0.0015011976 -0.0018297187   41835.628 3118.9836 618.82715  3 
1.653654e-007  0.0040639743 0.0015027571 -0.0018294093   41835.628 3118.9836 618.82715  3 
1.658654e-007  0.0040848921 0.0015043166 -0.0018290999   41835.628 3118.9836 618.82715  3 
1.663654e-007  0.0041058099 0.0015058761 -0.0018287904   41835.628 3118.9836 618.82715  3 
1.6664267e-007  0.0041174095 0.0015067409 -0.0018286189   43332.177 3118.9836 618.82715  14 
1.6714267e-007  0.0041390756 0.0015083004 -0.0018283095   43332.177 3118.9836 618.82715  14 
1.6761116e-007  0.0041593763 0.0015097616 -0.0018280195   41877.244 2808.5318 456.20178  2 
1.6811116e-007  0.004180315 0.0015111659 -0.0018277914   41877.244 2808.5318 456.20178  2 
1.6861116e-007  0.0042012536 0.0015125701 -0.0018275633   41877.244 2808.5318 456.20178  2 
1.6911116e-007  0.0042221922 0.0015139744 -0.0018273352   41877.244 2808.5318 456.20178  2 
1.6954006e-007  0.0042401532 0.001515179 -0.0018271396   43373.792 2808.5318 456.20178  9 
1.7004006e-007  0.0042618401 0.0015165832 -0.0018269115   43373.792 2808.5318 456.20178  9 
1.7054006e-007  0.004283527 0.0015179875 -0.0018266834   43373.792 2808.5318 456.20178  9 
1.7104006e-007  0.0043052139 0.0015193918 -0.0018264553   43373.792 2808.5318 456.20178  9 
1.7154006e-007  0.0043269008 0.001520796 -0.0018262272   43373.792 2808.5318 456.20178  9 
1.7204006e-007  0.0043485877 0.0015222003 -0.0018259991   43373.792 2808.5318 456.20178  9 
1.7254006e-007  0.0043702746 0.0015236046 -0.001825771   43373.792 2808.5318 456.20178  9 
1.7254846e-007  0.004370639 0.0015236282 -0.0018257671   42238.936 2837.569 1431.3426  3 
1.7304846e-007  0.0043917585 0.0015250469 -0.0018250515   42238.936 2837.569 1431.3426  3 
1.7354846e-007  0.004412878 0.0015264657 -0.0018243358   42238.936 2837.569 1431.3426  3 
1.7404846e-007  0.0044339975 0.0015278845 -0.0018236201   42238.936 2837.569 1431.3426  3 
1.7414877e-007  0.0044382343 0.0015281691 -0.0018234765   43735.485 2837.569 1431.3426  16 
1.7456499e-007  0.0044564379 0.0015293502 -0.0018228808   43238.322 3907.8209 510.99025  4 
1.7506499e-007  0.004478057 0.0015313041 -0.0018226253   43238.322 3907.8209 510.99025  4 
1.7556499e-007  0.0044996762 0.001533258 -0.0018223698   43238.322 3907.8209 510.99025  4 
1.7606499e-007  0.0045212954 0.0015352119 -0.0018221143   43238.322 3907.8209 510.99025  4 
1.7656499e-007  0.0045429145 0.0015371658 -0.0018218588   43238.322 3907.8209 510.99025  4 
1.7706499e-007  0.0045645337 0.0015391197 -0.0018216033   43238.322 3907.8209 510.99025  4 
1.7756499e-007  0.0045861528 0.0015410737 -0.0018213478   43238.322 3907.8209 510.99025  4 
1.7806499e-007  0.004607772 0.0015430276 -0.0018210923   43238.322 3907.8209 510.99025  4 
1.7856499e-007  0.0046293912 0.0015449815 -0.0018208368   43238.322 3907.8209 510.99025  4 
1.7906499e-007  0.0046510103 0.0015469354 -0.0018205813   43238.322 3907.8209 510.99025  4 
1.7956499e-007  0.0046726295 0.0015488893 -0.0018203258   43238.322 3907.8209 510.99025  4 
1.8006499e-007  0.0046942486 0.0015508432 -0.0018200703   43238.322 3907.8209 510.99025  4 
1.8018514e-007  0.004699444 0.0015513128 -0.0018200089   44734.871 3907.8209 510.99025  13 
1.8068514e-007  0.0047218114 0.0015532667 -0.0018197535   44734.871 3907.8209 510.99025  13 
1.8116241e-007  0.0047431621 0.0015551318 -0.0018195096   44569.298 2787.5485 -467.39287  4 
1.8166241e-007  0.0047654468 0.0015565255 -0.0018197433   44569.298 2787.5485 -467.39287  4 
1.8216241e-007  0.0047877314 0.0015579193 -0.001819977   44569.298 2787.5485 -467.39287  4 
1.8266241e-007  0.0048100161 0.0015593131 -0.0018202107   44569.298 2787.5485 -467.39287  4 
1.8316241e-007  0.0048323007 0.0015607069 -0.0018204444   44569.298 2787.5485 -467.39287  4 
1.8366241e-007  0.0048545854 0.0015621006 -0.0018206781   44569.298 2787.5485 -467.39287  4 
1.8416241e-007  0.00487687 0.0015634944 -0.0018209118   44569.298 2787.5485 -467.39287  4 
1.8466241e-007  0.0048991547 0.0015648882 -0.0018211454   44569.298 2787.5485 -467.39287  4 
1.8516241e-007  0.0049214393 0.001566282 -0.0018213791   44569.298 2787.5485 -467.39287  4 
1.8566241e-007  0.004943724 0.0015676757 -0.0018216128   44569.298 2787.5485 -467.39287  4 
1.8616241e-007  0.0049660086 0.0015690695 -0.0018218465   44569.298 2787.5485 -467.39287  4 
1.8666241e-007  0.0049882933 0.0015704633 -0.0018220802   44569.298 2787.5485 -467.39287  4 
1.8716241e-007  0.0050105779 0.0015718571 -0.0018223139   44569.298 2787.5485 -467.39287  4 
1.8766241e-007  0.0050328626 0.0015732508 -0.0018225476   44569.298 2787.5485 -467.39287  4 
1.8768863e-007  0.005034031 0.0015733239 -0.0018225599   46065.847 2787.5485 -467.39287  7 
1.8818863e-007  0.0050570639 0.0015747177 -0.0018227936   46065.847 2787.5485 -467.39287  7 
1.8842955e-007  0.0050681623 0.0015753893 -0.0018229062   46007.733 4281.3986 -535.77996  4 
1.8892955e-007  0.0050911662 0.00157753 -0.0018231741   46007.733 4281.3986 -535.77996  4 
1.8942955e-007  0.0051141701 0.0015796707 -0.001823442   46007.733 4281.3986 -535.77996  4 
1.8992955e-007  0.0051371739 0.0015818114 -0.0018237099   46007.733 4281.3986 -535.77996  4 
1.9042955e-007  0.0051601778 0.0015839521 -0.0018239777   46007.733 4281.3986 -535.77996  4 
1.9092955e-007  0.0051831817 0.0015860928 -0.0018242456   46007.733 4281.3986 -535.77996  4 
1.9142955e-007  0.0052061855 0.0015882335 -0.0018245135   46007.733 4281.3986 -535.77996  4 
1.9192955e-007  0.0052291894 0.0015903742 -0.0018247814   46007.733 4281.3986 -535.77996  4 
1.9242955e-007  0.0052521933 0.0015925149 -0.0018250493   46007.733 4281.3986 -535.77996  4 
1.9292955e-007  0.0052751971 0.0015946556 -0.0018253172   46007.733 4281.3986 -535.77996  4 
1.9342955e-007  0.005298201 0.0015967963 -0.0018255851   46007.733 4281.3986 -535.77996  4 
1.9392955e-007  0.0053212049 0.001598937 -0.001825853   46007.733 4281.3986 -535.77996  4 
1.9442955e-007  0.0053442087 0.0016010777 -0.0018261209   46007.733 4281.3986 -535.77996  4 
1.9492955e-007  0.0053672126 0.0016032184 -0.0018263888   46007.733 4281.3986 -535.77996  4 
1.9542955e-007  0.0053902165 0.0016053591 -0.0018266566   46007.733 4281.3986 -535.77996  4 
1.9592955e-007  0.0054132203 0.0016074998 -0.0018269245   46007.733 4281.3986 -535.77996  4 
1.9642955e-007  0.0054362242 0.0016096405 -0.0018271924   46007.733 4281.3986 -535.77996  4 
1.9692955e-007  0.0054592281 0.0016117812 -0.0018274603   46007.733 4281.3986 -535.77996  4 
1.9742955e-007  0.0054822319 0.0016139219 -0.0018277282   46007.733 4281.3986 -535.77996  4 
1.9792955e-007  0.0055052358 0.0016160626 -0.0018279961   46007.733 4281.3986 -535.77996  4 
1.9842955e-007  0.0055282397 0.0016182033 -0.001828264   46007.733 4281.3986 -535.77996  4 
1.9892955e-007  0.0055512435 0.001620344 -0.0018285319   46007.733 4281.3986 -535.77996  4 
1.9942955e-007  0.0055742474 0.0016224847 -0.0018287998   46007.733 4281.3986 -535.77996  4 
1.9992955e-007  0.0055972513 0.0016246254 -0.0018290677   46007.733 4281.3986 -535.77996  4 
2.0042955e-007  0.0056202551 0.0016267661 -0.0018293355   46007.733 4281.3986 -535.77996  4 
2.0092955e-007  0.005643259 0.0016289068 -0.0018296034   46007.733 4281.3986 -535.77996  4 
2.0142955e-007  0.0056662629 0.0016310475 -0.0018298713   46007.733 4281.3986 -535.77996  4 
2.0192955e-007  0.0056892667 0.0016331882 -0.0018301392   46007.733 4281.3986 -535.77996  4 
2.0242955e-007  0.0057122706 0.0016353289 -0.0018304071   46007.733 4281.3986 -535.77996  4 
2.0292955e-007  0.0057352745 0.0016374696 -0.001830675   46007.733 4281.3986 -535.77996  4 
2.0342955e-007  0.0057582783 0.0016396103 -0.0018309429   46007.733 4281.3986 -535.77996  4 
2.0392955e-007  0.0057812822 0.001641751 -0.0018312108   46007.733 4281.3986 -535.77996  4 
2.0442955e-007  0.0058042861 0.0016438916 -0.0018314787   46007.733 4281.3986 -535.77996  4 
2.0492955e-007  0.0058272899 0.0016460323 -0.0018317466   46007.733 4281.3986 -535.77996  4 
2.0542955e-007  0.0058502938 0.001648173 -0.0018320144   46007.733 4281.3986 -535.77996  4 
2.0586319e-007  0.0058702444 0.0016500296 -0.0018322468   47504.282 4281.3986 -535.77996  17 
2.0636319e-007  0.0058939965 0.0016521703 -0.0018325147   47504.282 4281.3986 -535.77996  17 
2.0686319e-007  0.0059177487 0.001654311 -0.0018327826   47504.282 4281.3986 -535.77996  17 
2.0736319e-007  0.0059415008 0.0016564517 -0.0018330504   47504.282 4281.3986 -535.77996  17 
2.0786319e-007  0.005965253 0.0016585924 -0.0018333183   47504.282 4281.3986 -535.77996  17 
2.0836319e-007  0.0059890051 0.0016607331 -0.0018335862   47504.282 4281.3986 -535.77996  17 
2.0886319e-007  0.0060127573 0.0016628738 -0.0018338541   47504.282 4281.3986 -535.77996  17 
2.0936319e-007  0.0060365094 0.0016650145 -0.001834122   47504.282 4281.3986 -535.77996  17 
2.0986319e-007  0.0060602615 0.0016671552 -0.0018343899   47504.282 4281.3986 -535.77996  17 
2.102059e-007  0.0060765419 0.0016686225 -0.0018345735   46007.733 4281.3986 -535.77996  3 
2.1041085e-007  0.0060859711 0.0016695 -0.0018346833   47504.282 4281.3986 -535.77996  15 
2.1091085e-007  0.0061097232 0.0016716407 -0.0018349512   47504.282 4281.3986 -535.77996  15 
2.1141085e-007  0.0061334754 0.0016737814 -0.0018352191   47504.282 4281.3986 -535.77996  15 
2.1177607e-007  0.0061508248 0.001675345 -0.0018354148   46978.679 4572.0373 834.96034  4 
2.1227607e-007  0.0061743141 0.001677631 -0.0018349973   46978.679 4572.0373 834.96034  4 
2.1277607e-007  0.0061978035 0.001679917 -0.0018345798   46978.679 4572.0373 834.96034  4 
2.1327607e-007  0.0062212928 0.0016822031 -0.0018341623   46978.679 4572.0373 834.96034  4 
2.1377607e-007  0.0062447821 0.0016844891 -0.0018337449   46978.679 4572.0373 834.96034  4 
2.1427607e-007  0.0062682715 0.0016867751 -0.0018333274   46978.679 4572.0373 834.96034  4 
2.1477607e-007  0.0062917608 0.0016890611 -0.0018329099   46978.679 4572.0373 834.96034  4 
2.1527607e-007  0.0063152502 0.0016913471 -0.0018324924   46978.679 4572.0373 834.96034  4 
2.1577607e-007  0.0063387395 0.0016936332 -0.0018320749   46978.679 4572.0373 834.96034  4 
2.1627607e-007  0.0063622288 0.0016959192 -0.0018316575   46978.679 4572.0373 834.96034  4 
2.1677607e-007  0.0063857182 0.0016982052 -0.00183124   46978.679 4572.0373 834.96034  4 
2.1727607e-007  0.0064092075 0.0017004912 -0.0018308225   46978.679 4572.0373 834.96034  4 
2.1777607e-007  0.0064326968 0.0017027772 -0.001830405   46978.679 4572.0373 834.96034  4 
2.1827607e-007  0.0064561862 0.0017050633 -0.0018299875   46978.679 4572.0373 834.96034  4 
2.1877607e-007  0.0064796755 0.0017073493 -0.0018295701   46978.679 4572.0373 834.96034  4 
2.1927607e-007  0.0065031649 0.0017096353 -0.0018291526   46978.679 4572.0373 834.96034  4 
2.1977607e-007  0.0065266542 0.0017119213 -0.0018287351   46978.679 4572.0373 834.96034  4 
2.2027607e-007  0.0065501435 0.0017142073 -0.0018283176   46978.679 4572.0373 834.96034  4 
2.2077607e-007  0.0065736329 0.0017164933 -0.0018279001   46978.679 4572.0373 834.96034  4 
2.2127607e-007  0.0065971222 0.0017187794 -0.0018274827   46978.679 4572.0373 834.96034  4 
2.2177607e-007  0.0066206116 0.0017210654 -0.0018270652   46978.679 4572.0373 834.96034  4 
2.2227607e-007  0.0066441009 0.0017233514 -0.0018266477   46978.679 4572.0373 834.96034  4 
2.2277607e-007  0.0066675902 0.0017256374 -0.0018262302   46978.679 4572.0373 834.96034  4 
2.2327607e-007  0.0066910796 0.0017279234 -0.0018258127   46978.679 4572.0373 834.96034  4 
2.2377607e-007  0.0067145689 0.0017302095 -0.0018253953   46978.679 4572.0373 834.96034  4 
2.2427607e-007  0.0067380583 0.0017324955 -0.0018249778   46978.679 4572.0373 834.96034  4 
2.2477607e-007  0.0067615476 0.0017347815 -0.0018245603   46978.679 4572.0373 834.96034  4 
2.2527607e-007  0.0067850369 0.0017370675 -0.0018241428   46978.679 4572.0373 834.96034  4 
2.2577607e-007  0.0068085263 0.0017393535 -0.0018237253   46978.679 4572.0373 834.96034  4 
2.2627607e-007  0.0068320156 0.0017416396 -0.0018233079   46978.679 4572.0373 834.96034  4 
2.2677607e-007  0.006855505 0.0017439256 -0.0018228904   46978.679 4572.0373 834.96034  4 
2.2727607e-007  0.0068789943 0.0017462116 -0.0018224729   46978.679 4572.0373 834.96034  4 
2.2777607e-007  0.0069024836 0.0017484976 -0.0018220554   46978.679 4572.0373 834.96034  4 
2.2827607e-007  0.006925973 0.0017507836 -0.0018216379   46978.679 4572.0373 834.96034  4 
2.2877607e-007  0.0069494623 0.0017530696 -0.0018212205   46978.679 4572.0373 834.96034  4 
2.2927607e-007  0.0069729517 0.0017553557 -0.001820803   46978.679 4572.0373 834.96034  4 
2.2977607e-007  0.006996441 0.0017576417 -0.0018203855   46978.679 4572.0373 834.96034  4 
2.3027607e-007  0.0070199303 0.0017599277 -0.001819968   46978.679 4572.0373 834.96034  4 
2.3077607e-007  0.0070434197 0.0017622137 -0.0018195505   46978.679 4572.0373 834.96034  4 
2.3127607e-007  0.007066909 0.0017644997 -0.0018191331   46978.679 4572.0373 834.96034  4 
2.3177607e-007  0.0070903984 0.0017667858 -0.0018187156   46978.679 4572.0373 834.96034  4 
2.3227607e-007  0.0071138877 0.0017690718 -0.0018182981   46978.679 4572.0373 834.96034  4 
2.3277607e-007  0.007137377 0.0017713578 -0.0018178806   46978.679 4572.0373 834.96034  4 
2.3327607e-007  0.0071608664 0.0017736438 -0.0018174631   46978.679 4572.0373 834.96034  4 
2.3377607e-007  0.0071843557 0.0017759298 -0.0018170456   46978.679 4572.0373 834.96034  4 
2.3427607e-007  0.0072078451 0.0017782158 -0.0018166282   46978.679 4572.0373 834.96034  4 
2.3477607e-007  0.0072313344 0.0017805019 -0.0018162107   46978.679 4572.0373 834.96034  4 
2.3527607e-007  0.0072548237 0.0017827879 -0.0018157932   46978.679 4572.0373 834.96034  4 
2.3577607e-007  0.0072783131 0.0017850739 -0.0018153757   46978.679 4572.0373 834.96034  4 
2.3627607e-007  0.0073018024 0.0017873599 -0.0018149582   46978.679 4572.0373 834.96034  4 
2.3677607e-007  0.0073252918 0.0017896459 -0.0018145408   46978.679 4572.0373 834.96034  4 
2.3727607e-007  0.0073487811 0.001791932 -0.0018141233   46978.679 4572.0373 834.96034  4 
2.3777607e-007  0.0073722704 0.001794218 -0.0018137058   46978.679 4572.0373 834.96034  4 
2.3827607e-007  0.0073957598 0.001796504 -0.0018132883   46978.679 4572.0373 834.96034  4 
2.3877607e-007  0.0074192491 0.00179879 -0.0018128708   46978.679 4572.0373 834.96034  4 
2.3927607e-007  0.0074427384 0.001801076 -0.0018124534   46978.679 4572.0373 834.96034  4 
2.3977607e-007  0.0074662278 0.0018033621 -0.0018120359   46978.679 4572.0373 834.96034  4 
