 time t = 0
 6992843.28438 0 -1 10000 2  0
 3385043589.45 0 0 41148.3848 2  6
 5690597349 0 0 41148.3848 2  8
 902084012.665 0 0 41148.3848 2  13
 683089203.416 0 0 41148.3848 2  14
 369596931.437 0 0 41148.3848 2  17
 time t = 2.81201963442e-011
 156671185.022 0 -1 41148.23871 8  2
 156671193.305 0 -1 41148.23871 8  3
 7.53526088603 0 -1 41148.23871 8  4
 5835419162.85 0 0 41148.3848 8  3
 280.660466582 0 0 41148.3848 8  4
 time t = 1.85968603076e-010
 6992843.28438 0 -1 10000 3  0
 11729763724.7 0 0 41148.3848 3  16
 time t = 2.50142968809e-010
 52303518.4465 0 -1 41148.3848 16  2
 261041609.184 0 -1 41148.3848 16  3
 3350592.49597 0 0 41148.3848 16  2
 1842792144.86 0 0 41148.3848 16  3
 time t = 3.17075632086e-010
 6992843.28438 0 -1 10000 3  0
 11729763725.5 0 0 41148.3848 3  16
 time t = 3.78479219789e-010
 87682760.0165 0 -1 41148.3848 16  2
 225662963.24 0 -1 41148.3848 16  3
 3094913975.62 0 0 41148.3848 16  3
 time t = 4.38298639368e-010
 6992843.28438 0 -1 10000 3  0
 11729763725.5 0 0 41148.3848 3  16
 time t = 5.69397660102e-010
 180164189.848 0 -1 41148.3848 16  2
 133181060.472 0 -1 41148.3848 16  3
 5419029442.96 0 0 41148.3848 16  2
 940175830.467 0 0 41148.3848 16  3
 time t = 8.57740089931e-010
 6992843.28438 0 -1 10000 2  0
 3385043589.64 0 0 41148.3848 2  6
 1.13504743641 0 0 41148.3848 2  7
 5683024618.68 0 0 41148.3848 2  8
 7572729.02221 0 0 41148.3848 2  9
 1954174512.44 0 0 41148.3848 2  13
 792973.47133 0 0 41148.3848 2  15
 time t = 9.19500500257e-010
 79010377.1681 0 -1 41148.23871 8  2
 156671192.94 0 -1 41148.23871 8  3
 77660815.7719 0 -1 41148.23871 8  4
 50266146.6232 0 0 41148.3848 8  3
 2892576795.84 0 0 41148.3848 8  4
 time t = 1.41950050026e-009
 71130879.3964 0 -1 41148.23871 8  2
 171080638.154 0 -1 41148.23871 8  3
 71130868.3171 0 -1 41148.23871 8  4
 412.406288305 0 0 41148.3848 8  3
 2649360518.77 0 0 41148.3848 8  4
 time t = 1.44751421497e-009
 6992843.28422 0 -1 10000 4  0
 4949639305.57 0 0 41148.3848 4  7
 740277648.855 0 0 41148.3848 4  8
 680395.044031 0 0 41148.3848 4  9
 2235794814.47 0 0 41148.3848 4  15
 3629093491.44 0 0 41148.3848 4  17
 time t = 1.50837441802e-009
 156665837.898 0 -1 41148.23871 7  2
 156671917.887 0 -1 41148.23871 7  3
 4630.06627023 0 -1 41148.23871 7  4
 5835047830.94 0 0 41148.3848 7  3
 172452.762998 0 0 41148.3848 7  4
 time t = 1.51935506851e-009
 6992843.28438 0 -1 10000 3  0
 11729763725.5 0 0 41148.3848 3  17
 time t = 1.5669687489e-009
 106778324.072 0 -1 41148.3848 17  2
 206567399.231 0 -1 41148.3848 17  3
 3768924786.74 0 0 41148.3848 17  3
 time t = 1.59183564428e-009
 6992843.28438 0 -1 10000 3  0
 11729763725.5 0 0 41148.3848 3  14
 time t = 1.60342342689e-009
 19948846.1736 0 -1 41148.3848 14  2
 293396877.109 0 -1 41148.3848 14  3
 704128871.239 0 0 41148.3848 14  3
 time t = 2.10342342689e-009
 313345378.676 0 -1 41148.3848 14  3
 time t = 2.60342342689e-009
 313345378.676 0 -1 41148.3848 14  3
 time t = 2.96439213486e-009
 6992843.28438 0 -1 10000 3  0
 3.78766752272 0 0 41148.3848 3  13
 10265235528.4 0 0 41148.3848 3  14
 time t = 2.98227632625e-009
 313345378.676 0 -1 41148.3848 14  3
 time t = 3.48227632625e-009
 312512072.88 0 -1 41148.3848 14  2
 833304.993204 0 -1 41148.3848 14  3
 8415715000.9 0 0 41148.3848 14  2
 4490473.16179 0 0 41148.3848 14  3
 time t = 3.55468430039e-009
 6992843.28438 0 -1 10000 2  0
 3908137492.84 0 0 41148.3848 2  6
 5325503.91564 0 0 41148.3848 2  7
 5626781668.34 0 0 41148.3848 2  8
 216168.52735 0 0 41148.3848 2  9
 12265.9002312 0 0 41148.3848 2  15
 1710535990.79 0 0 41148.3848 2  16
 time t = 3.649024852e-009
 105073145.36 0 -1 41148.23871 8  2
 168466059.452 0 -1 41148.23871 8  3
 39803181.0557 0 -1 41148.23871 8  4
 2033285646.59 0 0 41148.3848 8  3
 1239946085.23 0 0 41148.3848 8  4
 time t = 4.08829365535e-009
 6992843.28438 0 -1 10000 3  0
 10261461338.3 0 0 41148.3848 3  16
 time t = 4.1942351842e-009
 80393188.3933 0 -1 41148.3848 16  2
 232952534.893 0 -1 41148.3848 16  3
 2165578591.74 0 0 41148.3848 16  3
 time t = 4.5772268355e-009
 6992843.28438 0 -1 10000 3  0
 10259818841.2 0 0 41148.3848 3  15
 time t = 5.03444956557e-009
 313345378.676 0 -1 41148.3848 15  3
 time t = 5.4405448714e-009
 6992843.28438 0 -1 10000 3  0
 9691067124.5 0 0 41148.3848 3  16
 time t = 5.78490885442e-009
 102210217.946 0 -1 41148.3848 16  2
 211135505.338 0 -1 41148.3848 16  3
 2556357460.93 0 0 41148.3848 16  3
 time t = 6.02645436076e-009
 6992843.28438 0 -1 10000 3  0
 9687068474.22 0 0 41148.3848 3  15
 time t = 6.25369877697e-009
 65065571.1869 0 -1 41148.3848 15  2
 248280152.105 0 -1 41148.3848 15  3
 27432.0182977 0 0 41148.3848 15  2
 1626775924.77 0 0 41148.3848 15  3
 time t = 6.46912725919e-009
 6992843.28438 0 -1 10000 2  0
 3725242783.34 0 0 41148.3848 2  6
 4914197553.99 0 0 41148.3848 2  8
 1612.29335654 0 0 41148.3848 2  14
 120735629.731 0 0 41148.3848 2  15
 1298385303.92 0 0 41148.3848 2  16
 time t = 6.63368846575e-009
 156671192.932 0 -1 41148.23871 8  2
 156671192.926 0 -1 41148.23871 8  3
 3989931573.28 0 0 41148.3848 8  3
 time t = 6.73511203012e-009
 6992843.28438 0 -1 10000 3  0
 31024.6483308 0 0 41148.3848 3  13
 145530.009886 0 0 41148.3848 3  14
 8514039048.71 0 0 41148.3848 3  15
 time t = 6.80914093916e-009
 33.2962409231 0 -1 41148.3848 15  2
 313345345.38 0 -1 41148.3848 15  3
 611.44940887 0 0 41148.3848 15  2
 104.718070814 0 0 41148.3848 15  3
 time t = 7.30914093916e-009
 16.9163438157 0 -1 41148.3848 15  2
 313345361.759 0 -1 41148.3848 15  3
 282.367113761 0 0 41148.3848 15  2
 81.4464549165 0 0 41148.3848 15  3
 time t = 7.80914093916e-009
 17.1898186459 0 -1 41148.3848 15  2
 313345361.486 0 -1 41148.3848 15  3
 336.228281622 0 0 41148.3848 15  2
 33.4267628115 0 0 41148.3848 15  3
 time t = 8.30914093916e-009
 273447588.216 0 -1 41148.3848 15  2
 39897752.098 0 -1 41148.3848 15  3
 5708084886.73 0 0 41148.3848 15  2
 171576940.171 0 0 41148.3848 15  3
 time t = 8.7868171157e-009
 6992843.28438 0 -1 10000 2  0
 3723372389.07 0 0 41148.3848 2  6
 4911730201.47 0 0 41148.3848 2  9
 269465196.866 0 0 41148.3848 2  15
 1148944825.87 0 0 41148.3848 2  17
 time t = 8.95887149079e-009
 156671192.931 0 -1 41148.23871 9  2
 156671192.955 0 -1 41148.23871 9  3
 3987921164.76 0 0 41148.3848 9  3
 time t = 9.12716931066e-009
 6992843.28438 0 -1 10000 3  0
 5921.28457288 0 0 41148.3848 3  13
 8509793430.19 0 0 41148.3848 3  14
 1703.56282596 0 0 41148.3848 3  16
 time t = 9.15649277052e-009
 132018393.318 0 -1 41148.3848 14  2
 181326810.978 0 -1 41148.3848 14  3
 2058495974.38 0 0 41148.3848 14  2
 779637300.349 0 0 41148.3848 14  3
 time t = 9.59213273887e-009
 6992843.28438 0 -1 10000 3  0
 99.21887033 0 0 41148.3848 3  14
 6.21118331027 0 0 41148.3848 3  15
 8508940794.69 0 0 41148.3848 3  16
 time t = 9.65845786809e-009
 155573464.971 0 -1 41148.3848 16  2
 157772258.308 0 -1 41148.3848 16  3
 3344155542.32 0 0 41148.3848 16  3
 time t = 1.01584578681e-008
 52287680.3823 0 -1 41148.3848 16  2
 261057447.194 0 -1 41148.3848 16  3
 1631789.87386 0 0 41148.3848 16  2
 1122204530.03 0 0 41148.3848 16  3
 time t = 1.06584578681e-008
 78561331.1747 0 -1 41148.3848 16  2
 234784392.143 0 -1 41148.3848 16  3
 1688360640.92 0 0 41148.3848 16  3
 time t = 1.10077548047e-008
 6992843.28438 0 -1 10000 2  0
 2835232155.35 0 0 41148.3848 2  6
 3403701797.84 0 0 41148.3848 2  7
 51197190.3707 0 0 41148.3848 2  8
 3544345.49768 0 0 41148.3848 2  9
 24710001.728 0 0 41148.3848 2  13
 943896763.068 0 0 41148.3848 2  14
 293.611859942 0 0 41148.3848 2  15
 time t = 1.12069492093e-008
 104445365.362 0 -1 41148.0561 6  2
 208890730.734 0 -1 41148.0561 6  3
 2244405249.15 0 0 41148.3848 6  3
 time t = 1.12794337925e-008
 6992843.28438 0 -1 10000 3  0
 4.75642042258 0 0 41148.3848 3  14
 5811820187.69 0 0 41148.3848 3  16
 time t = 1.13390262681e-008
 313345378.671 0 -1 41148.3848 16  3
 time t = 1.18390262681e-008
 313345378.305 0 -1 41148.3848 16  3
 3.16799846076 0 0 41148.3848 16  2
 2.22230314523 0 0 41148.3848 16  3
 time t = 1.23390262681e-008
 52449979.7879 0 -1 41148.3848 16  2
 260895148.168 0 -1 41148.3848 16  3
 3934630.61953 0 0 41148.3848 16  2
 758482816.578 0 0 41148.3848 16  3
 time t = 1.23824885995e-008
 6992843.28438 0 -1 10000 3  0
 4.43770946077 0 0 41148.3848 3  14
 4685178582.07 0 0 41148.3848 3  15
 5065.93535991 0 0 41148.3848 3  16
 time t = 1.24657940566e-008
 50164144.5841 0 -1 41148.3848 15  2
 263181578.702 0 -1 41148.3848 15  3
 592785322.13 0 0 41148.3848 15  3
 time t = 1.27977109724e-008
 6992843.28438 0 -1 10000 3  0
 21.4849130672 0 0 41148.3848 3  14
 5.94578853339 0 0 41148.3848 3  15
 4686330096.45 0 0 41148.3848 3  16
 time t = 1.29019464422e-008
 70638726.2076 0 -1 41148.3848 16  2
 242706997.072 0 -1 41148.3848 16  3
 834946198.236 0 0 41148.3848 16  3
 time t = 1.34019464422e-008
 53167573.0861 0 -1 41148.3848 16  2
 260177555.422 0 -1 41148.3848 16  3
 13381728.7304 0 0 41148.3848 16  2
 615241358.691 0 0 41148.3848 16  3
 time t = 1.39019464422e-008
 93083437.9231 0 -1 41148.3848 16  2
 220262285.332 0 -1 41148.3848 16  3
 1100889369.32 0 0 41148.3848 16  3
 time t = 1.42390638944e-008
 6992843.28438 0 -1 10000 3  0
 4690300391.68 0 0 41148.3848 3  13
 6436.89831425 0 0 41148.3848 3  14
 226.539723649 0 0 41148.3848 3  15
 time t = 1.4241853328e-008
 313345023.512 0 -1 41148.3848 13  2
 355.163750816 0 -1 41148.3848 13  3
 3706643161.29 0 0 41148.3848 13  2
 840.257646038 0 0 41148.3848 13  3
 time t = 1.46390051453e-008
 6992843.28438 0 -1 10000 2  0
 2312591614.81 0 0 41148.3848 2  6
 2789971744.6 0 0 41148.3848 2  8
 45.7088118438 0 0 41148.3848 2  13
 701612093.68 0 0 41148.3848 2  14
 80292237.1887 0 0 41148.3848 2  17
 time t = 1.46922812102e-008
 156671192.933 0 -1 41148.23871 8  2
 156671192.905 0 -1 41148.23871 8  3
 2188923258.11 0 0 41148.3848 8  3
 time t = 1.50415301729e-008
 6992843.28438 0 -1 10000 3  0
 4.64599249432 0 0 41148.3848 3  13
 89.9905025168 0 0 41148.3848 3  16
 4692519214.91 0 0 41148.3848 3  17
 time t = 1.50470377743e-008
 313345378.661 0 -1 41148.3848 17  3
 time t = 1.55470377743e-008
 48576902.8679 0 -1 41148.3848 17  2
 264768820.443 0 -1 41148.3848 17  3
 575070212.528 0 0 41148.3848 17  3
 time t = 1.60470377743e-008
 78502984.3879 0 -1 41148.3848 17  2
 234842738.902 0 -1 41148.3848 17  3
 929618208.19 0 0 41148.3848 17  3
 time t = 1.65470377743e-008
 52238672.9085 0 -1 41148.3848 17  2
 261106454.82 0 -1 41148.3848 17  3
 202693.716446 0 0 41148.3848 17  2
 618579641.888 0 0 41148.3848 17  3
 time t = 1.70470377743e-008
 79663929.9429 0 -1 41148.3848 17  2
 233681793.25 0 -1 41148.3848 17  3
 943919004.842 0 0 41148.3848 17  3
 time t = 1.7390740413e-008
 6992843.28438 0 -1 10000 3  0
 42513.0531242 0 0 41148.3848 3  15
 366142.851262 0 0 41148.3848 3  16
 3867026562.14 0 0 41148.3848 3  17
 time t = 1.749873468e-008
 24949190.5406 0 -1 41148.3848 17  2
 288396532.749 0 -1 41148.3848 17  3
 246123692.687 0 0 41148.3848 17  3
 time t = 1.799873468e-008
 106489693.921 0 -1 41148.3848 17  2
 206856029.38 0 -1 41148.3848 17  3
 1051091465.59 0 0 41148.3848 17  3
 time t = 1.849873468e-008
 84158375.6156 0 -1 41148.3848 17  2
 229187347.677 0 -1 41148.3848 17  3
 831124369.418 0 0 41148.3848 17  3
 time t = 1.899873468e-008
 61352903.1849 0 -1 41148.3848 17  2
 251992820.057 0 -1 41148.3848 17  3
 606232624.791 0 0 41148.3848 17  3
 time t = 1.949873468e-008
 313345378.556 0 -1 41148.3848 17  3
 time t = 1.999873468e-008
 310556773.06 0 -1 41148.3848 17  2
 2788602.89692 0 -1 41148.3848 17  3
 3066443005.06 0 0 41148.3848 17  2
 5516876.51478 0 0 41148.3848 17  3
 time t = 2.00757048829e-008
 6992843.28438 0 -1 10000 2  0
 1898743057.15 0 0 41148.3848 2  6
 2293548377.29 0 0 41148.3848 2  7
 554729931.537 0 0 41148.3848 2  14
 4171.41620905 0 0 41148.3848 2  15
 91720534.516 0 0 41148.3848 2  16
 time t = 2.05118892994e-008
 156671192.934 0 -1 41148.23871 7  2
 156671192.953 0 -1 41148.23871 7  3
 1815939324.69 0 0 41148.3848 7  3
 time t = 2.0933489418e-008
 6992843.28438 0 -1 10000 3  0
 1.58330178015 0 0 41148.3848 3  15
 3882312184.86 0 0 41148.3848 3  16
 time t = 2.13301115558e-008
 78044857.9851 0 -1 41148.3848 16  2
 235300865.305 0 -1 41148.3848 16  3
 773114166.164 0 0 41148.3848 16  3
 time t = 2.18301115558e-008
 55072638.3749 0 -1 41148.3848 16  2
 258272491.915 0 -1 41148.3848 16  3
 33875907.12 0 0 41148.3848 16  2
 511969233.426 0 0 41148.3848 16  3
 time t = 2.23301115558e-008
 76126999.3468 0 -1 41148.3848 16  2
 237218723.856 0 -1 41148.3848 16  3
 754929297.557 0 0 41148.3848 16  3
 time t = 2.28301115558e-008
 207230853.574 0 -1 41148.3848 16  2
 106114423.033 0 -1 41148.3848 16  3
 1845578994.52 0 0 41148.3848 16  2
 210575576.492 0 0 41148.3848 16  3
 time t = 2.31035340022e-008
 6992843.28438 0 -1 10000 2  0
 1904954408.68 0 0 41148.3848 2  6
 2301051254.02 0 0 41148.3848 2  8
 541798263.816 0 0 41148.3848 2  15
 106771112.12 0 0 41148.3848 2  16
 6.34816614148 0 0 41148.3848 2  17
 time t = 2.32159857502e-008
 104445365.365 0 -1 41148.0561 6  2
 208890730.733 0 -1 41148.0561 6  3
 1493973940.45 0 0 41148.3848 6  3
 time t = 2.37159857502e-008
 104445365.36 0 -1 41148.0561 6  2
 208890730.727 0 -1 41148.0561 6  3
 1494776961.86 0 0 41148.3848 6  3
 time t = 2.3778310463e-008
 6992843.28438 0 -1 10000 3  0
 74.0814927816 0 0 41148.3848 3  13
 201.580954661 0 0 41148.3848 3  14
 3894225560.04 0 0 41148.3848 3  15
 time t = 2.38961781564e-008
 78113410.7971 0 -1 41148.3848 15  2
 235231741.396 0 -1 41148.3848 15  3
 308599963.599 0 0 41148.3848 15  2
 467333760.339 0 0 41148.3848 15  3
 time t = 2.41193527284e-008
 6992843.28438 0 -1 10000 3  0
 365.042553158 0 0 41148.3848 3  14
 294.494492931 0 0 41148.3848 3  15
 3895651434.68 0 0 41148.3848 3  16
 time t = 2.45411588905e-008
 248203955.608 0 -1 41148.3848 16  2
 65141360.2982 0 -1 41148.3848 16  3
 2337716939.96 0 0 41148.3848 16  2
 129505620.189 0 0 41148.3848 16  3
 time t = 2.50411588905e-008
 313164454.578 0 -1 41148.3848 16  2
 180923.974206 0 -1 41148.3848 16  3
 3114258658.41 0 0 41148.3848 16  2
 359873.825734 0 0 41148.3848 16  3
 time t = 2.527705596e-008
 6992843.28438 0 -1 10000 2  0
 1909403183.99 0 0 41148.3848 2  6
 505402.917051 0 0 41148.3848 2  7
 144.348815369 0 0 41148.3848 2  8
 2305919515.17 0 0 41148.3848 2  9
 649008627.045 0 0 41148.3848 2  13
 1075405.31883 0 0 41148.3848 2  14
 time t = 2.57398566557e-008
 87728330.8293 0 -1 41148.23871 9  2
 173244721.319 0 -1 41148.23871 9  3
 52369333.719 0 -1 41148.23871 9  4
 412148643.269 0 0 41148.3848 9  3
 610423134.309 0 0 41148.3848 9  4
 time t = 2.62398566557e-008
 156671192.93 0 -1 41148.23871 9  2
 156671192.957 0 -1 41148.23871 9  3
 1827154679.34 0 0 41148.3848 9  3
 time t = 2.67398566557e-008
 79207981.5647 0 -1 41148.23871 9  2
 154926432.854 0 -1 41148.23871 9  3
 79207971.4524 0 -1 41148.23871 9  4
 117.931658711 0 0 41148.3848 9  3
 924244886.363 0 0 41148.3848 9  4
 time t = 2.72398566557e-008
 74605106.5825 0 -1 41148.23871 9  2
 164132172.671 0 -1 41148.23871 9  3
 74605106.5935 0 -1 41148.23871 9  4
 871000681.86 0 0 41148.3848 9  4
 time t = 2.72743345861e-008
 6992843.28422 0 -1 10000 4  0
 87345757.1272 0 0 41148.3848 4  7
 1238009705.45 0 0 41148.3848 4  8
 985998608.687 0 0 41148.3848 4  9
 995661263.004 0 0 41148.3848 4  14
 958753962.917 0 0 41148.3848 4  17
 time t = 2.7583231257e-008
 91156447.126 0 -1 41148.23871 8  2
 131029491.612 0 -1 41148.23871 8  3
 91156447.1295 0 -1 41148.23871 8  4
 1064624286.54 0 0 41148.3848 8  4
 time t = 2.8083231257e-008
 61833938.0373 0 -1 41148.23871 8  2
 189674509.795 0 -1 41148.23871 8  3
 61833938.0378 0 -1 41148.23871 8  4
 722548954.99 0 0 41148.3848 8  4
 time t = 2.8583231257e-008
 156671192.934 0 -1 41148.23871 8  2
 156671192.942 0 -1 41148.23871 8  3
 1831726741.75 0 0 41148.3848 8  3
 time t = 2.89416574694e-008
 6992843.28438 0 -1 10000 3  0
 406.683022064 0 0 41148.3848 3  13
 304.401521668 0 0 41148.3848 3  14
 3915772658.25 0 0 41148.3848 3  16
 time t = 2.90404661762e-008
 98.206413077 0 -1 41148.3848 16  2
 313345280.469 0 -1 41148.3848 16  3
 946.398269993 0 0 41148.3848 16  2
 34.504450671 0 0 41148.3848 16  3
 time t = 2.95404661762e-008
 3.22044712456 0 -1 41148.3848 16  2
 313345375.455 0 -1 41148.3848 16  3
 31.5016849641 0 0 41148.3848 16  2
 time t = 3.00404661762e-008
 312954698.268 0 -1 41148.3848 16  2
 390680.037128 0 -1 41148.3848 16  3
 3128386164.32 0 0 41148.3848 16  2
 781253.696585 0 0 41148.3848 16  3
 time t = 3.05404661762e-008
 74798093.1796 0 -1 41148.3848 16  2
 238547630.179 0 -1 41148.3848 16  3
 748286873.849 0 0 41148.3848 16  3
 time t = 3.10404661762e-008
 79776645.3564 0 -1 41148.3848 16  2
 233569078.123 0 -1 41148.3848 16  3
 798515628.129 0 0 41148.3848 16  3
 time t = 3.15404661762e-008
 313345378.039 0 -1 41148.3848 16  3
 5.41000884742 0 0 41148.3848 16  2
 time t = 3.20404661762e-008
 62.7984800597 0 -1 41148.3848 16  2
 313345315.877 0 -1 41148.3848 16  3
 564.328427971 0 0 41148.3848 16  2
 64.9113954854 0 0 41148.3848 16  3
 time t = 3.20408606022e-008
 6992843.28438 0 -1 10000 3  0
 2.05543708691 0 0 41148.3848 3  15
 2969988145.52 0 0 41148.3848 3  16
 time t = 3.21105206656e-008
 34953559.1641 0 -1 41148.3848 16  2
 278392164.128 0 -1 41148.3848 16  3
 269814108.002 0 0 41148.3848 16  3
 time t = 3.22822380362e-008
 6992843.28438 0 -1 10000 3  0
 559.377781771 0 0 41148.3848 3  13
 1194.47718282 0 0 41148.3848 3  14
 2714461068.6 0 0 41148.3848 3  15
 time t = 3.25165030786e-008
 119525073.033 0 -1 41148.3848 15  2
 193820119.237 0 -1 41148.3848 15  3
 573515580.344 0 0 41148.3848 15  2
 275280497.743 0 0 41148.3848 15  3
 time t = 3.30165030786e-008
 545.835639441 0 -1 41148.3848 15  2
 313344832.84 0 -1 41148.3848 15  3
 3852.52008012 0 0 41148.3848 15  2
 25.4962442714 0 0 41148.3848 15  3
 time t = 3.35165030786e-008
 58105891.5167 0 -1 41148.3848 15  2
 255239241.675 0 -1 41148.3848 15  3
 50167097.006 0 0 41148.3848 15  2
 362852902.346 0 0 41148.3848 15  3
 time t = 3.40165030786e-008
 1.01513268268 0 -1 41148.3848 15  2
 313345377.661 0 -1 41148.3848 15  3
 3.20847102369 0 0 41148.3848 15  2
 4.01052269619 0 0 41148.3848 15  3
 time t = 3.41763985739e-008
 6992843.28438 0 -1 10000 3  0
 55.3940763784 0 0 41148.3848 3  13
 59.7393673939 0 0 41148.3848 3  14
 2224032579.68 0 0 41148.3848 3  16
 time t = 3.42554536077e-008
 154708447.729 0 -1 41148.3848 16  2
 158637275.578 0 -1 41148.3848 16  3
 912940715.374 0 0 41148.3848 16  3
 time t = 3.44573244548e-008
 6992843.28438 0 -1 10000 3  0
 2224391279.93 0 0 41148.3848 3  16
 18.5157133917 0 0 41148.3848 3  17
 time t = 3.49573244548e-008
 6992843.28438 0 -1 10000 3  0
 4.07258485973 0 0 41148.3848 3  15
 88.8963525471 0 0 41148.3848 3  16
 2225028541.6 0 0 41148.3848 3  17
 time t = 3.54573244548e-008
 6992843.28438 0 -1 10000 3  0
 2225651970.49 0 0 41148.3848 3  13
 9207.5485038 0 0 41148.3848 3  14
 3617.19714395 0 0 41148.3848 3  16
 time t = 3.54810007398e-008
 85050743.7451 0 -1 41148.3848 13  2
 228294979.56 0 -1 41148.3848 13  3
 502240131.346 0 0 41148.3848 13  3
 time t = 3.59810007398e-008
 13861831.246 0 -1 41148.3848 13  2
 299483892.051 0 -1 41148.3848 13  3
 81879989.4135 0 0 41148.3848 13  3
 time t = 3.64810007398e-008
 298233838.633 0 -1 41148.3848 13  2
 15111525.5594 0 -1 41148.3848 13  3
 1744271527.85 0 0 41148.3848 13  2
 17857469.9318 0 0 41148.3848 13  3
 time t = 3.69810007398e-008
 81948741.644 0 -1 41148.3848 13  2
 231396981.63 0 -1 41148.3848 13  3
 484335623.901 0 0 41148.3848 13  3
 time t = 3.74810007398e-008
 92416384.7622 0 -1 41148.3848 13  2
 220928781.423 0 -1 41148.3848 13  3
 285133395.741 0 0 41148.3848 13  2
 261223185.237 0 0 41148.3848 13  3
 time t = 3.75024488691e-008
 6992843.28438 0 -1 10000 3  0
 274.594803083 0 0 41148.3848 3  14
 545.153731739 0 0 41148.3848 3  15
 2155204446.92 0 0 41148.3848 3  16
 time t = 3.770678742e-008
 313258896.086 0 -1 41148.3848 16  2
 86482.5063747 0 -1 41148.3848 16  3
 1795506011.72 0 0 41148.3848 16  2
 99128.3197145 0 0 41148.3848 16  3
 time t = 3.81293039867e-008
 6992843.28438 0 -1 10000 2  0
 990666331.101 0 0 41148.3848 2  6
 74871731.4039 0 0 41148.3848 2  7
 1121785015.63 0 0 41148.3848 2  8
 40761534.4418 0 0 41148.3848 2  9
 24.3526650441 0 0 41148.3848 2  14
 357688651.616 0 0 41148.3848 2  15
 1584130.63701 0 0 41148.3848 2  17
 time t = 3.81499780438e-008
 104445365.362 0 -1 41148.0561 6  2
 208890730.709 0 -1 41148.0561 6  3
 806968356.759 0 0 41148.3848 6  3
 time t = 3.8210603358e-008
 6992843.28438 0 -1 10000 3  0
 1828336475.08 0 0 41148.3848 3  14
 time t = 3.83823413392e-008
 85428328.6994 0 -1 41148.3848 14  2
 227917394.568 0 -1 41148.3848 14  3
 420180442.96 0 0 41148.3848 14  3
 time t = 3.83858666601e-008
 6992843.28438 0 -1 10000 3  0
 16.7860107987 0 0 41148.3848 3  13
 1828298734.3 0 0 41148.3848 3  15
 6.01981954218 0 0 41148.3848 3  16
 time t = 3.86957424251e-008
 79952373.2237 0 -1 41148.3848 15  2
 233393350.274 0 -1 41148.3848 15  3
 393232297.884 0 0 41148.3848 15  3
 time t = 3.91957424251e-008
 18298197.51 0 -1 41148.3848 15  2
 295047525.788 0 -1 41148.3848 15  3
 89991236.7031 0 0 41148.3848 15  3
 time t = 3.96957424251e-008
 313345378.676 0 -1 41148.3848 15  3
 time t = 4.01957424251e-008
 5381.92249474 0 -1 41148.3848 15  2
 313339996.753 0 -1 41148.3848 15  3
 26456.3400746 0 0 41148.3848 15  2
 8.95289279313 0 0 41148.3848 15  3
 time t = 4.06957424251e-008
 52224413.1271 0 -1 41148.3848 15  2
 261120714.416 0 -1 41148.3848 15  3
 256794729.27 0 0 41148.3848 15  3
 time t = 4.11957424251e-008
 313345378.035 0 -1 41148.3848 15  3
 2.60442610498 0 0 41148.3848 15  2
 time t = 4.16957424251e-008
 16.0702675779 0 -1 41148.3848 15  2
 313345362.606 0 -1 41148.3848 15  3
 78.9271133794 0 0 41148.3848 15  2
 time t = 4.21957424251e-008
 313345378.676 0 -1 41148.3848 15  2
 1540472714.93 0 0 41148.3848 15  2
 time t = 4.26957424251e-008
 313345378.675 0 -1 41148.3848 15  3
 time t = 4.31957424251e-008
 313345378.676 0 -1 41148.3848 15  3
 time t = 4.36957424251e-008
 313345378.676 0 -1 41148.3848 15  3
 time t = 4.41957424251e-008
 53824646.8827 0 -1 41148.3848 15  2
 259520482.19 0 -1 41148.3848 15  3
 9438125.0073 0 0 41148.3848 15  2
 255106534.983 0 0 41148.3848 15  3
 time t = 4.44408917332e-008
 6992843.28438 0 -1 10000 2  0
 822503773.574 0 0 41148.3848 2  6
 1039476044.91 0 0 41148.3848 2  9
 165694154.338 0 0 41148.3848 2  14
 138791871.293 0 0 41148.3848 2  17
 time t = 4.44455027978e-008
 104445365.361 0 -1 41148.0561 6  2
 208890730.725 0 -1 41148.0561 6  3
 678838315.309 0 0 41148.3848 6  3
 time t = 4.4916059399e-008
 6992843.28438 0 -1 10000 3  0
 1407938892.71 0 0 41148.3848 3  13
 time t = 4.5416059399e-008
 6992843.28438 0 -1 10000 3  0
 1407590536.79 0 0 41148.3848 3  16
 time t = 4.57011455049e-008
 52224413.1271 0 -1 41148.3848 16  2
 261120714.393 0 -1 41148.3848 16  3
 201217992.298 0 0 41148.3848 16  3
 time t = 4.62011455049e-008
 52224413.1271 0 -1 41148.3848 16  2
 261120714.424 0 -1 41148.3848 16  3
 201168048.37 0 0 41148.3848 16  3
 time t = 4.67011455049e-008
 52224413.1271 0 -1 41148.3848 16  2
 261120714.423 0 -1 41148.3848 16  3
 201118016.159 0 0 41148.3848 16  3
 time t = 4.72011455049e-008
 313345378.676 0 -1 41148.3848 16  3
 time t = 4.77011455049e-008
 313345378.676 0 -1 41148.3848 16  3
 time t = 4.82011455049e-008
 52224413.1271 0 -1 41148.3848 16  2
 261120714.361 0 -1 41148.3848 16  3
 200967390.653 0 0 41148.3848 16  3
 time t = 4.87011455049e-008
 313345378.676 0 -1 41148.3848 16  3
 time t = 4.92011455049e-008
 52224413.1271 0 -1 41148.3848 16  2
 261120714.401 0 -1 41148.3848 16  3
 200866533.808 0 0 41148.3848 16  3
 time t = 4.92176450424e-008
 6992843.28438 0 -1 10000 3  0
 8.58446324491 0 0 41148.3848 3  13
 1334117520.79 0 0 41148.3848 3  14
 time t = 4.97176450424e-008
 6992843.28438 0 -1 10000 3  0
 1333555527.39 0 0 41148.3848 3  15
 time t = 5.00437971816e-008
 30.9187291147 0 -1 41148.3848 15  2
 313345347.757 0 -1 41148.3848 15  3
 94.9569250039 0 0 41148.3848 15  2
 18.2681722728 0 0 41148.3848 15  3
 time t = 5.05437971816e-008
 312824841.518 0 -1 41148.3848 15  2
 520536.656887 0 -1 41148.3848 15  3
 1144707121.52 0 0 41148.3848 15  2
 381083.420897 0 0 41148.3848 15  3
 time t = 5.05659590678e-008
 6992843.28438 0 -1 10000 2  0
 577494173.103 0 0 41148.3848 2  6
 746026326.873 0 0 41148.3848 2  8
 49529748.6696 0 0 41148.3848 2  14
 172571094.974 0 0 41148.3848 2  15
 98.6954147994 0 0 41148.3848 2  16
 time t = 5.06111334727e-008
 156671192.932 0 -1 41148.23871 8  2
 156671192.946 0 -1 41148.23871 8  3
 637372000.323 0 0 41148.3848 8  3
 time t = 5.11111334727e-008
 156671192.934 0 -1 41148.23871 8  2
 156671192.948 0 -1 41148.23871 8  3
 637102581.036 0 0 41148.3848 8  3
 time t = 5.16111334727e-008
 62931470.2024 0 -1 41148.23871 8  2
 187479445.463 0 -1 41148.23871 8  3
 62931470.2038 0 -1 41148.23871 8  4
 255802184.78 0 0 41148.3848 8  4
 time t = 5.21111334727e-008
 130856277.708 0 -1 41148.23871 8  2
 164836763.981 0 -1 41148.23871 8  3
 17649344.1957 0 -1 41148.23871 8  4
 459965575.344 0 0 41148.3848 8  3
 71710190.3999 0 0 41148.3848 8  4
 time t = 5.26111334727e-008
 94685197.2506 0 -1 41148.23871 8  2
 123971991.375 0 -1 41148.23871 8  3
 94685197.2483 0 -1 41148.23871 8  4
 384547592.08 0 0 41148.3848 8  4
 time t = 5.31111334727e-008
 92912248.8604 0 -1 41148.23871 8  2
 212322021.142 0 -1 41148.23871 8  3
 8108115.87234 0 -1 41148.23871 8  4
 344271051.178 0 0 41148.3848 8  3
 32915725.635 0 0 41148.3848 8  4
 time t = 5.36111334727e-008
 76902885.7951 0 -1 41148.23871 8  2
 160211972.793 0 -1 41148.23871 8  3
 76227527.2805 0 -1 41148.23871 8  4
 2740520.90161 0 0 41148.3848 8  3
 309321830.949 0 0 41148.3848 8  4
 time t = 5.41111334727e-008
 19394596.6528 0 -1 41148.23871 8  2
 274553192.57 0 -1 41148.23871 8  3
 19394596.6521 0 -1 41148.23871 8  4
 78667349.7079 0 0 41148.3848 8  4
 time t = 5.46111334727e-008
 52658377.1785 0 -1 41148.23871 8  2
 210276840.986 0 -1 41148.23871 8  3
 50407167.7062 0 -1 41148.23871 8  4
 9127345.20173 0 0 41148.3848 8  3
 204371749.996 0 0 41148.3848 8  4
 time t = 5.51111334727e-008
 113610527.642 0 -1 41148.23871 8  2
 102939903.902 0 -1 41148.23871 8  3
 96791954.312 0 -1 41148.23871 8  4
 68160425.962 0 0 41148.3848 8  3
 392267566.599 0 0 41148.3848 8  4
 time t = 5.56111334727e-008
 156671192.934 0 -1 41148.23871 8  2
 156671192.913 0 -1 41148.23871 8  3
 634668058.098 0 0 41148.3848 8  3
 time t = 5.61111334727e-008
 156671192.933 0 -1 41148.23871 8  2
 156671192.932 0 -1 41148.23871 8  3
 634396479.244 0 0 41148.3848 8  3
 time t = 5.66111334727e-008
 65696184.9955 0 -1 41148.23871 8  2
 181950015.875 0 -1 41148.23871 8  3
 65696184.9911 0 -1 41148.23871 8  4
 265904483.938 0 0 41148.3848 8  4
 time t = 5.71111334727e-008
 156671192.935 0 -1 41148.23871 8  2
 156671192.976 0 -1 41148.23871 8  3
 633852680.179 0 0 41148.3848 8  3
 time t = 5.76111334727e-008
 57440819.2324 0 -1 41148.23871 8  2
 198460747.398 0 -1 41148.23871 8  3
 57440819.2335 0 -1 41148.23871 8  4
 232291463.524 0 0 41148.3848 8  4
 time t = 5.81111334727e-008
 71774762.7515 0 -1 41148.23871 8  2
 170306684.701 0 -1 41148.23871 8  3
 71260938.4077 0 -1 41148.23871 8  4
 2077019.24881 0 0 41148.3848 8  3
 288056301.482 0 0 41148.3848 8  4
 time t = 5.86111334727e-008
 58653089.4163 0 -1 41148.23871 8  2
 196036207.039 0 -1 41148.23871 8  3
 58653089.4144 0 -1 41148.23871 8  4
 236989839.988 0 0 41148.3848 8  4
 time t = 5.91111334727e-008
 85854055.9941 0 -1 41148.23871 8  2
 141634273.863 0 -1 41148.23871 8  3
 85854056.0016 0 -1 41148.23871 8  4
 346746765.484 0 0 41148.3848 8  4
 time t = 5.96111334727e-008
 156671192.933 0 -1 41148.23871 8  2
 156671192.921 0 -1 41148.23871 8  3
 632489458.117 0 0 41148.3848 8  3
 time t = 5.96862690014e-008
 6992843.28438 0 -1 10000 3  0
 48.4481110044 0 0 41148.3848 3  13
 1322256300.79 0 0 41148.3848 3  14
 26.1564323821 0 0 41148.3848 3  15
 time t = 5.97634854124e-008
 80142488.1665 0 -1 41148.3848 14  2
 233203235.031 0 -1 41148.3848 14  3
 291057613.961 0 0 41148.3848 14  3
 time t = 6.01879802783e-008
 6992843.28438 0 -1 10000 3  0
 1046681621.53 0 0 41148.3848 3  15
 time t = 6.06879802783e-008
 6992843.28438 0 -1 10000 3  0
 6.79002007081 0 0 41148.3848 3  14
 1046225549.03 0 0 41148.3848 3  15
 time t = 6.11879802783e-008
 6992843.28438 0 -1 10000 3  0
 116.207274698 0 0 41148.3848 3  13
 389.867950515 0 0 41148.3848 3  14
 1045768842.24 0 0 41148.3848 3  15
 time t = 6.16879802783e-008
 6992843.28438 0 -1 10000 3  0
 254365.960895 0 0 41148.3848 3  15
 987.585294675 0 0 41148.3848 3  16
 1045057646.18 0 0 41148.3848 3  17
 time t = 6.19069394349e-008
 86717372.0463 0 -1 41148.3848 17  2
 226628351.245 0 -1 41148.3848 17  3
 252569721.845 0 0 41148.3848 17  3
 time t = 6.24069394349e-008
 108264252.012 0 -1 41148.3848 17  2
 205081471.272 0 -1 41148.3848 17  3
 315188597.348 0 0 41148.3848 17  3
 time t = 6.29069394349e-008
 313003780.949 0 -1 41148.3848 17  2
 341597.40113 0 -1 41148.3848 17  3
 910647491.37 0 0 41148.3848 17  2
 198811.612367 0 0 41148.3848 17  3
 time t = 6.29429523667e-008
 6992843.28438 0 -1 10000 2  0
 386382975.452 0 0 41148.3848 2  6
 510667004.594 0 0 41148.3848 2  7
 35657815.5712 0 0 41148.3848 2  13
 323.048034308 0 0 41148.3848 2  15
 118936953.119 0 0 41148.3848 2  16
 time t = 6.34429523667e-008
 6992843.28438 0 -1 10000 2  0
 386146530.148 0 0 41148.3848 2  6
 510354504.231 0 0 41148.3848 2  9
 150803151.285 0 0 41148.3848 2  16
 3697335.84625 0 0 41148.3848 2  17
 time t = 6.39429523667e-008
 6992843.28438 0 -1 10000 2  0
 385910044.945 0 0 41148.3848 2  6
 8857.14300704 0 0 41148.3848 2  7
 86175107.4209 0 0 41148.3848 2  8
 423857986.582 0 0 41148.3848 2  9
 143141086.842 0 0 41148.3848 2  13
 11264283.93 0 0 41148.3848 2  14
 497.477679273 0 0 41148.3848 2  15
 time t = 6.44429523667e-008
 6992843.28438 0 -1 10000 2  0
 385673520.123 0 0 41148.3848 2  6
 509729345.707 0 0 41148.3848 2  9
 101111864.988 0 0 41148.3848 2  14
 53199367.6915 0 0 41148.3848 2  16
 time t = 6.49429523667e-008
 6992843.28438 0 -1 10000 2  0
 385436955.919 0 0 41148.3848 2  6
 509416688.196 0 0 41148.3848 2  9
 52080029.3391 0 0 41148.3848 2  13
 102136551.996 0 0 41148.3848 2  17
 time t = 6.53232262047e-008
 80229568.7319 0 -1 41148.3848 17  2
 233116154.368 0 -1 41148.3848 17  3
 208228074.325 0 0 41148.3848 17  3
 time t = 6.58208768208e-008
 6992843.28438 0 -1 10000 3  0
 924298855.686 0 0 41148.3848 3  15
 time t = 6.63208768208e-008
 6992843.28438 0 -1 10000 3  0
 923730691.385 0 0 41148.3848 3  16
 time t = 6.68208768208e-008
 6992843.28438 0 -1 10000 3  0
 98.1910977619 0 0 41148.3848 3  13
 102.213531354 0 0 41148.3848 3  15
 923162235.931 0 0 41148.3848 3  16
 time t = 6.73208768208e-008
 6992843.28438 0 -1 10000 3  0
 922594083.32 0 0 41148.3848 3  14
 2.79735955552 0 0 41148.3848 3  15
 2.69753204437 0 0 41148.3848 3  16
 time t = 6.78208768208e-008
 6992843.28438 0 -1 10000 3  0
 100.441787335 0 0 41148.3848 3  13
 111.00157417 0 0 41148.3848 3  15
 922025438.743 0 0 41148.3848 3  16
 time t = 6.83208768208e-008
 6992843.28438 0 -1 10000 3  0
 921457114.093 0 0 41148.3848 3  14
 6.31438028888 0 0 41148.3848 3  15
 time t = 6.88208768208e-008
 6992843.28438 0 -1 10000 3  0
 2973.29945744 0 0 41148.3848 3  14
 920884795.998 0 0 41148.3848 3  15
 732.741401633 0 0 41148.3848 3  17
 time t = 6.93208768208e-008
 6992843.28438 0 -1 10000 3  0
 34.7540709404 0 0 41148.3848 3  14
 920319758.383 0 0 41148.3848 3  15
 time t = 6.95326628619e-008
 313011137.565 0 -1 41148.3848 15  2
 334240.784968 0 -1 41148.3848 15  3
 808014064.965 0 0 41148.3848 15  2
 172601.012076 0 0 41148.3848 15  3
 time t = 7.00326628619e-008
 82109436.4961 0 -1 41148.3848 15  2
 231236286.842 0 -1 41148.3848 15  3
 211873372.059 0 0 41148.3848 15  3
 time t = 7.05326628619e-008
 105932257.986 0 -1 41148.3848 15  2
 207413465.312 0 -1 41148.3848 15  3
 273176128.088 0 0 41148.3848 15  3
 time t = 7.10326628619e-008
 313024791.318 0 -1 41148.3848 15  2
 320587.015082 0 -1 41148.3848 15  3
 806557407.259 0 0 41148.3848 15  2
 165243.188189 0 0 41148.3848 15  3
 time t = 7.15326628619e-008
 313341872.471 0 -1 41148.3848 15  2
 3506.17291552 0 -1 41148.3848 15  3
 807037605.367 0 0 41148.3848 15  2
 1806.06303821 0 0 41148.3848 15  3
 time t = 7.20326628619e-008
 26.400922142 0 -1 41148.3848 15  2
 313345352.275 0 -1 41148.3848 15  3
 35.3006626265 0 0 41148.3848 15  2
 32.6550530998 0 0 41148.3848 15  3
 time t = 7.25326628619e-008
 80.7570362885 0 -1 41148.3848 15  2
 313345297.919 0 -1 41148.3848 15  3
 207.658713592 0 0 41148.3848 15  2
 time t = 7.30326628619e-008
 80222858.6433 0 -1 41148.3848 15  2
 233122864.691 0 -1 41148.3848 15  3
 206236522.406 0 0 41148.3848 15  3
 time t = 7.35326628619e-008
 64420283.545 0 -1 41148.3848 15  2
 248924855.558 0 -1 41148.3848 15  3
 37600518.9546 0 0 41148.3848 15  2
 127907879.704 0 0 41148.3848 15  3
 time t = 7.3799714436e-008
 6992843.28438 0 -1 10000 3  0
 3.17065279617 0 0 41148.3848 3  13
 4514.5970881 0 0 41148.3848 3  14
 874029320.822 0 0 41148.3848 3  15
 time t = 7.4299714436e-008
 6992843.28438 0 -1 10000 3  0
 873512810.325 0 0 41148.3848 3  14
 1.30965692231 0 0 41148.3848 3  16
 time t = 7.4799714436e-008
 6992843.28438 0 -1 10000 3  0
 6.34353320148 0 0 41148.3848 3  13
 7.84598894515 0 0 41148.3848 3  14
 872991678.825 0 0 41148.3848 3  15
 time t = 7.5299714436e-008
 6992843.28438 0 -1 10000 3  0
 27.2690718263 0 0 41148.3848 3  14
 3.5483343177 0 0 41148.3848 3  15
 872470451.734 0 0 41148.3848 3  16
 time t = 7.5799714436e-008
 6992843.28438 0 -1 10000 3  0
 49.0067765438 0 0 41148.3848 3  13
 871949105.635 0 0 41148.3848 3  14
 26.3775737985 0 0 41148.3848 3  15
 time t = 7.6299714436e-008
 6992843.28438 0 -1 10000 3  0
 42.9819242042 0 0 41148.3848 3  13
 133.579708906 0 0 41148.3848 3  14
 871427612.391 0 0 41148.3848 3  15
 time t = 7.66156419506e-008
 53154363.4339 0 -1 41148.3848 15  2
 260190764.856 0 -1 41148.3848 15  3
 2735121.37335 0 0 41148.3848 15  2
 127543403.329 0 0 41148.3848 15  3
 time t = 7.71156419506e-008
 52683874.571 0 -1 41148.3848 15  2
 260661253.428 0 -1 41148.3848 15  3
 1350530.63917 0 0 41148.3848 15  2
 127697541.798 0 0 41148.3848 15  3
 time t = 7.76156419506e-008
 55186807.1538 0 -1 41148.3848 15  2
 258158322.94 0 -1 41148.3848 15  3
 8702401.38589 0 0 41148.3848 15  2
 126395557.085 0 0 41148.3848 15  3
 time t = 7.81156419506e-008
 27.5049202559 0 -1 41148.3848 15  2
 313345351.171 0 -1 41148.3848 15  3
 66.4826918542 0 0 41148.3848 15  3
 time t = 7.86156419506e-008
 79313295.0113 0 -1 41148.3848 15  2
 234031858.924 0 -1 41148.3848 15  3
 79554449.3298 0 0 41148.3848 15  2
 114372567.925 0 0 41148.3848 15  3
 time t = 7.91156419506e-008
 1.89261486352 0 -1 41148.3848 15  2
 313345376.783 0 -1 41148.3848 15  3
 4.03736340442 0 0 41148.3848 15  2
 time t = 7.96156419506e-008
 5.04023209151 0 -1 41148.3848 15  2
 313345373.636 0 -1 41148.3848 15  3
 9.95999317159 0 0 41148.3848 15  2
 2.34895277904 0 0 41148.3848 15  3
 time t = 8.01156419506e-008
 297342560.459 0 -1 41148.3848 15  2
 16002802.8271 0 -1 41148.3848 15  3
 717903948.066 0 0 41148.3848 15  2
 7811066.63796 0 0 41148.3848 15  3
 time t = 8.06156419506e-008
 75286876.1145 0 -1 41148.3848 15  2
 238058847.552 0 -1 41148.3848 15  3
 183639800.214 0 0 41148.3848 15  3
 time t = 8.07408019229e-008
 6992843.28438 0 -1 10000 2  0
 311212992.355 0 0 41148.3848 2  6
 415630272.499 0 0 41148.3848 2  7
 6068399.93937 0 0 41148.3848 2  13
 87.4375783786 0 0 41148.3848 2  14
 120722575.946 0 0 41148.3848 2  16
 time t = 8.09480189814e-008
 66508588.5471 0 -1 41148.3848 16  2
 246837134.736 0 -1 41148.3848 16  3
 143363528.337 0 0 41148.3848 16  3
 time t = 8.14480189814e-008
 136185332.404 0 -1 41148.3848 16  2
 177159875.738 0 -1 41148.3848 16  3
 217089354.021 0 0 41148.3848 16  2
 76344434.9676 0 0 41148.3848 16  3
 time t = 8.18530791957e-008
 6992843.28438 0 -1 10000 2  0
 310924305.64 0 0 41148.3848 2  6
 415244726.469 0 0 41148.3848 2  7
 7406506.61729 0 0 41148.3848 2  14
 119263462.334 0 0 41148.3848 2  15
 3480.72164543 0 0 41148.3848 2  16
 time t = 8.23530791957e-008
 6992843.28438 0 -1 10000 2  0
 310794513.796 0 0 41148.3848 2  6
 415071387.208 0 0 41148.3848 2  7
 69350.437047 0 0 41148.3848 2  13
 126551212.915 0 0 41148.3848 2  15
 7.90455925248 0 0 41148.3848 2  16
 time t = 8.24765394421e-008
 83227076.1239 0 -1 41148.23871 7  2
 146888233.63 0 -1 41148.23871 7  3
 83227076.1176 0 -1 41148.23871 7  4
 194833586.443 0 0 41148.3848 7  4
 time t = 8.29765394421e-008
 82326708.4273 0 -1 41148.23871 7  2
 148688969.003 0 -1 41148.23871 7  3
 82326708.4314 0 -1 41148.23871 7  4
 192645334.301 0 0 41148.3848 7  4
 time t = 8.34765394421e-008
 81912787.6778 0 -1 41148.23871 7  2
 149516810.514 0 -1 41148.23871 7  3
 81912787.6682 0 -1 41148.23871 7  4
 191596650.881 0 0 41148.3848 7  4
 time t = 8.39765394421e-008
 78290840.3859 0 -1 41148.23871 7  2
 156760739.473 0 -1 41148.23871 7  3
 78290806.0014 0 -1 41148.23871 7  4
 80.3881935597 0 0 41148.3848 7  3
 183048149.568 0 0 41148.3848 7  4
 time t = 8.44765394421e-008
 66286947.1602 0 -1 41148.23871 7  2
 180769377.221 0 -1 41148.23871 7  3
 66286061.472 0 -1 41148.23871 7  4
 2069.94999825 0 0 41148.3848 7  3
 154915571.533 0 0 41148.3848 7  4
 time t = 8.49765394421e-008
 82454409.348 0 -1 41148.23871 7  2
 148433567.159 0 -1 41148.23871 7  3
 82454409.3531 0 -1 41148.23871 7  4
 192621575.528 0 0 41148.3848 7  4
 time t = 8.54765394421e-008
 156671192.932 0 -1 41148.23871 7  2
 156671192.945 0 -1 41148.23871 7  3
 365845983.428 0 0 41148.3848 7  3
 time t = 8.59765394421e-008
 156671192.93 0 -1 41148.23871 7  2
 156671192.961 0 -1 41148.23871 7  3
 365692702.991 0 0 41148.3848 7  3
 time t = 8.60385696727e-008
 6992843.28438 0 -1 10000 2  0
 243370763.24 0 0 41148.3848 2  6
 328951658.74 0 0 41148.3848 2  9
 40896911.3991 0 0 41148.3848 2  13
 60343603.8295 0 0 41148.3848 2  14
 3.11435554838 0 0 41148.3848 2  15
 time t = 8.65385696727e-008
 6992843.28438 0 -1 10000 2  0
 243255052.979 0 0 41148.3848 2  6
 328795259.127 0 0 41148.3848 2  9
 68652752.8988 0 0 41148.3848 2  13
 32539425.2653 0 0 41148.3848 2  14
 205.518273748 0 0 41148.3848 2  15
 time t = 8.66507947558e-008
 52230401.754 0 -1 41148.3848 14  2
 261114725.811 0 -1 41148.3848 14  3
 12507.014839 0 0 41148.3848 14  2
 90880418.7972 0 0 41148.3848 14  3
 time t = 8.71507947558e-008
 64822513.5253 0 -1 41148.3848 14  2
 248522626.147 0 -1 41148.3848 14  3
 26295815.3147 0 0 41148.3848 14  2
 86456609.8589 0 0 41148.3848 14  3
 time t = 8.76507947558e-008
 286352125.177 0 -1 41148.3848 14  2
 26993227.537 0 -1 41148.3848 14  3
 488458393.543 0 0 41148.3848 14  2
 9385992.38011 0 0 41148.3848 14  3
 time t = 8.78727631293e-008
 6992843.28438 0 -1 10000 2  0
 242946208.1 0 0 41148.3848 2  6
 328377809.559 0 0 41148.3848 2  7
 74190736.3086 0 0 41148.3848 2  14
 26873166.187 0 0 41148.3848 2  15
 3.90294647489 0 0 41148.3848 2  16
 time t = 8.83727631293e-008
 6992843.28438 0 -1 10000 2  0
 242830434.261 0 0 41148.3848 2  6
 261549.409368 0 0 41148.3848 2  7
 58498209.9361 0 0 41148.3848 2  8
 269461564.748 0 0 41148.3848 2  9
 100917306.509 0 0 41148.3848 2  16
 98438.7690811 0 0 41148.3848 2  17
 time t = 8.88727631293e-008
 6992843.28438 0 -1 10000 2  0
 242714643.34 0 0 41148.3848 2  6
 328064815.405 0 0 41148.3848 2  8
 78899720.8483 0 0 41148.3848 2  14
 22067855.2418 0 0 41148.3848 2  16
 time t = 8.93727631293e-008
 6992843.28438 0 -1 10000 2  0
 242598835.295 0 0 41148.3848 2  6
 327908283.707 0 0 41148.3848 2  7
 1264874.91021 0 0 41148.3848 2  13
 99654526.3622 0 0 41148.3848 2  14
 time t = 8.98727631293e-008
 6992843.28438 0 -1 10000 2  0
 242483010.273 0 0 41148.3848 2  6
 327751729.098 0 0 41148.3848 2  8
 97122811.7494 0 0 41148.3848 2  13
 3748407.46552 0 0 41148.3848 2  14
 time t = 9.03727631293e-008
 6992843.28438 0 -1 10000 2  0
 242367168.351 0 0 41148.3848 2  6
 327595151.5 0 0 41148.3848 2  8
 6605986.90472 0 0 41148.3848 2  13
 94217042.7777 0 0 41148.3848 2  15
 time t = 9.08184525403e-008
 156671192.945 0 -1 41148.23871 8  2
 156671192.91 0 -1 41148.23871 8  3
 292944977.852 0 0 41148.3848 8  3
 time t = 9.13184525403e-008
 91999756.5018 0 -1 41148.23871 8  2
 129342872.861 0 -1 41148.23871 8  3
 91999756.5029 0 -1 41148.23871 8  4
 171939561.166 0 0 41148.3848 8  4
 time t = 9.18184525403e-008
 91671613.2306 0 -1 41148.23871 8  2
 129999159.404 0 -1 41148.23871 8  3
 91671613.2305 0 -1 41148.23871 8  4
 171244294.279 0 0 41148.3848 8  4
 time t = 9.18497588665e-008
 6992843.28422 0 -1 10000 4  0
 170317116.218 0 0 41148.3848 4  7
 156815374.102 0 0 41148.3848 4  9
 148230569.302 0 0 41148.3848 4  13
 153810617.013 0 0 41148.3848 4  14
 time t = 9.23497588665e-008
 6992843.28422 0 -1 10000 4  0
 171133959.623 0 0 41148.3848 4  7
 61043474.1737 0 0 41148.3848 4  8
 94798389.6587 0 0 41148.3848 4  9
 201453877.669 0 0 41148.3848 4  16
 100442658.194 0 0 41148.3848 4  17
 time t = 9.2396282253e-008
 64123055.1415 0 -1 41148.23871 7  2
 185300283.967 0 -1 41148.23871 7  3
 63919046.7491 0 -1 41148.23871 7  4
 380880.607147 0 0 41148.3848 7  3
 119335897.199 0 0 41148.3848 7  4
 time t = 9.2896282253e-008
 156671192.929 0 -1 41148.23871 7  2
 156671192.927 0 -1 41148.23871 7  3
 292362579.009 0 0 41148.3848 7  3
 time t = 9.30626764527e-008
 6992843.28438 0 -1 10000 3  0
 495006205.746 0 0 41148.3848 3  15
 9.5854745111 0 0 41148.3848 3  17
 time t = 9.35626764527e-008
 6992843.28438 0 -1 10000 3  0
 130.699984718 0 0 41148.3848 3  14
 45.0614103742 0 0 41148.3848 3  15
 494790968.69 0 0 41148.3848 3  16
 time t = 9.38314337528e-008
 342.649731852 0 -1 41148.3848 16  2
 313345036.026 0 -1 41148.3848 16  3
 490.408923262 0 0 41148.3848 16  2
 time t = 9.43314337528e-008
 85670666.7761 0 -1 41148.3848 16  2
 227675057.703 0 -1 41148.3848 16  3
 122579190.691 0 0 41148.3848 16  3
 time t = 9.48314337528e-008
 6.06188652392 0 -1 41148.3848 16  2
 313345372.614 0 -1 41148.3848 16  3
 7.75994112675 0 0 41148.3848 16  2
 time t = 9.53314337528e-008
 313345378.393 0 -1 41148.3848 16  3
 time t = 9.58314337528e-008
 62861810.5579 0 -1 41148.3848 16  2
 250483327.634 0 -1 41148.3848 16  3
 18240380.6951 0 0 41148.3848 16  2
 71585988.9618 0 0 41148.3848 16  3
 time t = 9.63314337528e-008
 52254949.0316 0 -1 41148.3848 16  2
 261090178.716 0 -1 41148.3848 16  3
 52338.3253219 0 0 41148.3848 16  2
 74584787.5687 0 0 41148.3848 16  3
 time t = 9.68314337528e-008
 59363036.9426 0 -1 41148.3848 16  2
 253982686.335 0 -1 41148.3848 16  3
 84752783.7054 0 0 41148.3848 16  3
 time t = 9.73314337528e-008
 52300313.1487 0 -1 41148.3848 16  2
 261044814.298 0 -1 41148.3848 16  3
 130008.147015 0 0 41148.3848 16  2
 74506686.0385 0 0 41148.3848 16  3
 time t = 9.78314337528e-008
 255769830.09 0 -1 41148.3848 16  2
 57575493.2109 0 -1 41148.3848 16  3
 348418413.548 0 0 41148.3848 16  2
 16425859.197 0 0 41148.3848 16  3
 time t = 9.83314337528e-008
 313345378.675 0 -1 41148.3848 16  3
 time t = 9.88314337528e-008
 62753458.0754 0 -1 41148.3848 16  2
 250592265.244 0 -1 41148.3848 16  3
 89436686.0762 0 0 41148.3848 16  3
 time t = 9.93314337528e-008
 313345260.087 0 -1 41148.3848 16  2
 118.587379291 0 -1 41148.3848 16  3
 446386280.129 0 0 41148.3848 16  2
 33.7873319832 0 0 41148.3848 16  3
 time t = 9.98314337528e-008
 292110654.529 0 -1 41148.3848 16  2
 21234703.6503 0 -1 41148.3848 16  3
 409906068.108 0 0 41148.3848 16  2
 6047361.59771 0 0 41148.3848 16  3
 time t = 9.98924015241e-008
 6992843.28438 0 -1 10000 2  0
 176215943.927 0 0 41148.3848 2  6
 729965.114719 0 0 41148.3848 2  7
 2180108.71179 0 0 41148.3848 2  8
 238606166.296 0 0 41148.3848 2  9
 72587879.425 0 0 41148.3848 2  13
 2512797.15998 0 0 41148.3848 2  15
 time t = 1.00392401524e-007
 6992843.28438 0 -1 10000 2  0
 176106878.201 0 0 41148.3848 2  6
 179003.725539 0 0 41148.3848 2  7
 96546345.7201 0 0 41148.3848 2  8
 144641408.535 0 0 41148.3848 2  9
 6982592.14672 0 0 41148.3848 2  14
 68071602.9346 0 0 41148.3848 2  15
 time t = 1.00892401524e-007
 6992843.28438 0 -1 10000 2  0
 175997753.727 0 0 41148.3848 2  6
 241217195.271 0 0 41148.3848 2  9
 3475672.20748 0 0 41148.3848 2  13
 71532015.1768 0 0 41148.3848 2  15
 time t = 1.01392401524e-007
 6992843.28438 0 -1 10000 2  0
 175888570.678 0 0 41148.3848 2  6
 241067552.298 0 0 41148.3848 2  8
 8573206.02973 0 0 41148.3848 2  13
 66387933.1368 0 0 41148.3848 2  14
 16.5179241812 0 0 41148.3848 2  15
 time t = 1.01892401524e-007
 6992843.28438 0 -1 10000 2  0
 175779329.268 0 0 41148.3848 2  6
 240917829.308 0 0 41148.3848 2  9
 42439001.9186 0 0 41148.3848 2  14
 32475596.4102 0 0 41148.3848 2  16
 time t = 1.02392401524e-007
 6992843.28438 0 -1 10000 2  0
 175670029.66 0 0 41148.3848 2  6
 240768026.562 0 0 41148.3848 2  9
 63440070.7689 0 0 41148.3848 2  14
 11427942.556 0 0 41148.3848 2  15
 3.36969284978 0 0 41148.3848 2  16
 time t = 1.02892401524e-007
 6992843.28438 0 -1 10000 2  0
 175560672.074 0 0 41148.3848 2  6
 240618144.369 0 0 41148.3848 2  8
 21870353.1001 0 0 41148.3848 2  13
 21.822480918 0 0 41148.3848 2  14
 52951035.1385 0 0 41148.3848 2  16
 time t = 1.03392401524e-007
 6992843.28438 0 -1 10000 2  0
 175451256.657 0 0 41148.3848 2  6
 240468182.973 0 0 41148.3848 2  7
 8.52226469968 0 0 41148.3848 2  14
 74142385.555 0 0 41148.3848 2  15
 632384.712685 0 0 41148.3848 2  16
 time t = 1.03892401524e-007
 6992843.28438 0 -1 10000 2  0
 175341783.677 0 0 41148.3848 2  6
 240318142.577 0 0 41148.3848 2  8
 49601.4977497 0 0 41148.3848 2  13
 74579494.6256 0 0 41148.3848 2  15
 99026.8646569 0 0 41148.3848 2  16
 time t = 1.04392401524e-007
 6992843.28438 0 -1 10000 2  0
 175232253.28 0 0 41148.3848 2  6
 240168023.521 0 0 41148.3848 2  9
 73078232.9477 0 0 41148.3848 2  14
 1603164.29068 0 0 41148.3848 2  15
 45.4833593389 0 0 41148.3848 2  16
 time t = 1.04892401524e-007
 6992843.28438 0 -1 10000 2  0
 175122665.652 0 0 41148.3848 2  6
 240017826.039 0 0 41148.3848 2  7
 67195687.4682 0 0 41148.3848 2  15
 7439050.6016 0 0 41148.3848 2  17
 time t = 1.05392401524e-007
 6992843.28438 0 -1 10000 2  0
 175013021.021 0 0 41148.3848 2  6
 239867550.38 0 0 41148.3848 2  9
 1476392.39609 0 0 41148.3848 2  14
 73111616.3108 0 0 41148.3848 2  16
 time t = 1.05892401524e-007
 6992843.28438 0 -1 10000 2  0
 174903319.507 0 0 41148.3848 2  6
 239717196.868 0 0 41148.3848 2  9
 74367408.542 0 0 41148.3848 2  13
 173847.352777 0 0 41148.3848 2  14
 time t = 1.06283298348e-007
 87495317.1188 0 -1 41148.3848 13  2
 225849844.346 0 -1 41148.3848 13  3
 54967163.1826 0 0 41148.3848 13  2
 58661872.0978 0 0 41148.3848 13  3
 time t = 1.06783298348e-007
 88046731.1346 0 -1 41148.3848 13  2
 225298992.15 0 -1 41148.3848 13  3
 114273329.949 0 0 41148.3848 13  3
 time t = 1.07283298348e-007
 88234168.2954 0 -1 41148.3848 13  2
 225111555.496 0 -1 41148.3848 13  3
 114444589.929 0 0 41148.3848 13  3
 time t = 1.07783298348e-007
 73167767.9832 0 -1 41148.3848 13  2
 240177379.491 0 -1 41148.3848 13  3
 32577127.2334 0 0 41148.3848 13  2
 62265764.7256 0 0 41148.3848 13  3
 time t = 1.08283298348e-007
 89298076.9907 0 -1 41148.3848 13  2
 224047646.289 0 -1 41148.3848 13  3
 115678670.794 0 0 41148.3848 13  3
 time t = 1.08783298348e-007
 78326188.9586 0 -1 41148.3848 13  2
 235019534.211 0 -1 41148.3848 13  3
 101401427.284 0 0 41148.3848 13  3
 time t = 1.09283298348e-007
 110529841.519 0 -1 41148.3848 13  2
 202815342.09 0 -1 41148.3848 13  3
 90521806.7599 0 0 41148.3848 13  2
 52480221.2178 0 0 41148.3848 13  3
 time t = 1.09783298348e-007
 77793133.0246 0 -1 41148.3848 13  2
 235552019.092 0 -1 41148.3848 13  3
 39671487.9858 0 0 41148.3848 13  2
 60912575.7295 0 0 41148.3848 13  3
 time t = 1.10283298348e-007
 649469.361381 0 -1 41148.3848 13  2
 312696253.913 0 -1 41148.3848 13  3
 839211.716621 0 0 41148.3848 13  3
 time t = 1.10783298348e-007
 113.741041483 0 -1 41148.3848 13  2
 313345264.935 0 -1 41148.3848 13  3
 146.824770454 0 0 41148.3848 13  2
 time t = 1.11283298348e-007
 78155074.1755 0 -1 41148.3848 13  2
 235190649.122 0 -1 41148.3848 13  3
 100860013.959 0 0 41148.3848 13  3
 time t = 1.11783298348e-007
 84422789.7164 0 -1 41148.3848 13  2
 228922933.628 0 -1 41148.3848 13  3
 108879360.957 0 0 41148.3848 13  3
 time t = 1.12283298348e-007
 311610470.036 0 -1 41148.3848 13  2
 1734907.03268 0 -1 41148.3848 13  3
 401178592.201 0 0 41148.3848 13  2
 447216.655552 0 0 41148.3848 13  3
 time t = 1.12783298348e-007
 135164084.191 0 -1 41148.3848 13  2
 178181123.141 0 -1 41148.3848 13  3
 128196793.12 0 0 41148.3848 13  2
 45901404.1861 0 0 41148.3848 13  3
 time t = 1.13283298348e-007
 52230576.5343 0 -1 41148.3848 13  2
 261114551.052 0 -1 41148.3848 13  3
 9520.57741105 0 0 41148.3848 13  2
 67223229.0075 0 0 41148.3848 13  3
 time t = 1.13783298348e-007
 55435530.7326 0 -1 41148.3848 13  2
 257909599.907 0 -1 41148.3848 13  3
 4957010.41412 0 0 41148.3848 13  2
 66355715.2572 0 0 41148.3848 13  3
 time t = 1.14283298348e-007
 80584208.3379 0 -1 41148.3848 13  2
 232761514.849 0 -1 41148.3848 13  3
 103597966.886 0 0 41148.3848 13  3
 time t = 1.14783298348e-007
 78372617.86 0 -1 41148.3848 13  2
 234973105.533 0 -1 41148.3848 13  3
 100690336.674 0 0 41148.3848 13  3
 time t = 1.150376761e-007
 6992843.28438 0 -1 10000 2  0
 155061847.878 0 0 41148.3848 2  6
 213477516.578 0 0 41148.3848 2  9
 65648647.3881 0 0 41148.3848 2  13
 61.6406783883 0 0 41148.3848 2  14
 955215.698289 0 0 41148.3848 2  17
 time t = 1.155376761e-007
 6992843.28438 0 -1 10000 2  0
 154942483.302 0 0 41148.3848 2  6
 213313184.394 0 0 41148.3848 2  8
 1285518.1568 0 0 41148.3848 2  14
 5.34198925048 0 0 41148.3848 2  15
 65267130.401 0 0 41148.3848 2  17
 time t = 1.160376761e-007
 6992843.28438 0 -1 10000 2  0
 154823099.762 0 0 41148.3848 2  6
 213148826.084 0 0 41148.3848 2  9
 75.1222840188 0 0 41148.3848 2  15
 52966568.7008 0 0 41148.3848 2  16
 13534731.1161 0 0 41148.3848 2  17
 time t = 1.165376761e-007
 6992843.28438 0 -1 10000 2  0
 154703697.43 0 0 41148.3848 2  6
 212984441.921 0 0 41148.3848 2  8
 11526439.695 0 0 41148.3848 2  13
 54923648.1904 0 0 41148.3848 2  14
 time t = 1.170376761e-007
 6992843.28438 0 -1 10000 2  0
 154584276.509 0 0 41148.3848 2  6
 212820032.158 0 0 41148.3848 2  7
 47045058.6779 0 0 41148.3848 2  15
 22.4251933085 0 0 41148.3848 2  16
 19353711.7691 0 0 41148.3848 2  17
 time t = 1.175376761e-007
 6992843.28438 0 -1 10000 2  0
 154464837.175 0 0 41148.3848 2  6
 212655597.051 0 0 41148.3848 2  7
 2250616.68882 0 0 41148.3848 2  15
 1.46353117919 0 0 41148.3848 2  16
 64096871.7642 0 0 41148.3848 2  17
 time t = 1.17934267858e-007
 87430534.0963 0 -1 41148.23871 7  2
 138483135.749 0 -1 41148.23871 7  3
 87428716.0363 0 -1 41148.23871 7  4
 2248.45322965 0 0 41148.3848 7  3
 108126584.894 0 0 41148.3848 7  4
 time t = 1.18009723504e-007
 6992843.28438 0 -1 10000 3  0
 2456.04268417 0 0 41148.3848 3  15
 346.128516228 0 0 41148.3848 3  16
 346772074.544 0 0 41148.3848 3  17
 time t = 1.18509723504e-007
 6992843.28438 0 -1 10000 3  0
 1.80004828211 0 0 41148.3848 3  15
 346539633.836 0 0 41148.3848 3  16
 time t = 1.18808116784e-007
 313086527.308 0 -1 41148.3848 16  2
 258851.284815 0 -1 41148.3848 16  3
 318187773.017 0 0 41148.3848 16  2
 52559.0829738 0 0 41148.3848 16  3
 time t = 1.19308116784e-007
 280302294.633 0 -1 41148.3848 16  2
 33043052.2652 0 -1 41148.3848 16  3
 278009952.75 0 0 41148.3848 16  2
 6712866.16034 0 0 41148.3848 16  3
 time t = 1.19808116784e-007
 62.0288244444 0 -1 41148.3848 16  2
 313345316.647 0 -1 41148.3848 16  3
 62.9631327787 0 0 41148.3848 16  2
 time t = 1.20308116784e-007
 1.20094717305 0 -1 41148.3848 16  2
 313345377.475 0 -1 41148.3848 16  3
 1.02361252383 0 0 41148.3848 16  3
 time t = 1.20808116784e-007
 242566226.343 0 -1 41148.3848 16  2
 70779084.0741 0 -1 41148.3848 16  3
 231538822.67 0 0 41148.3848 16  2
 14349780.0078 0 0 41148.3848 16  3
 time t = 1.21202668205e-007
 6992843.28438 0 -1 10000 2  0
 132632744.624 0 0 41148.3848 2  6
 183651945.161 0 0 41148.3848 2  9
 8052774.39616 0 0 41148.3848 2  14
 49492602.0419 0 0 41148.3848 2  15
 2.53170835888 0 0 41148.3848 2  16
 time t = 1.21702668205e-007
 6992843.28438 0 -1 10000 2  0
 132542153.124 0 0 41148.3848 2  6
 183526506.264 0 0 41148.3848 2  8
 48403.8390678 0 0 41148.3848 2  13
 57457669.5951 0 0 41148.3848 2  15
 time t = 1.22202668205e-007
 6992843.28438 0 -1 10000 2  0
 132451526.841 0 0 41148.3848 2  6
 183401019.204 0 0 41148.3848 2  7
 56722414.9065 0 0 41148.3848 2  15
 744339.074949 0 0 41148.3848 2  17
 time t = 1.22702668205e-007
 6992843.28438 0 -1 10000 2  0
 132360865.932 0 0 41148.3848 2  6
 183275484.202 0 0 41148.3848 2  9
 12.7082758353 0 0 41148.3848 2  14
 86651.2250337 0 0 41148.3848 2  16
 57340754.9978 0 0 41148.3848 2  17
 time t = 1.23202668205e-007
 6992843.28438 0 -1 10000 2  0
 132270170.561 0 0 41148.3848 2  6
 183149901.477 0 0 41148.3848 2  9
 10988618.3276 0 0 41148.3848 2  13
 46399447.6858 0 0 41148.3848 2  14
 2.92287659687 0 0 41148.3848 2  15
 time t = 1.23702668205e-007
 6992843.28438 0 -1 10000 2  0
 132179440.878 0 0 41148.3848 2  6
 183024271.24 0 0 41148.3848 2  8
 15819021.8247 0 0 41148.3848 2  13
 3.84593424919 0 0 41148.3848 2  14
 41529678.374 0 0 41148.3848 2  15
 time t = 1.23927744114e-007
 156671192.933 0 -1 41148.23871 8  2
 156671192.931 0 -1 41148.23871 8  3
 167813269.233 0 0 41148.3848 8  3
 time t = 1.24427744114e-007
 156671192.932 0 -1 41148.23871 8  2
 156671192.928 0 -1 41148.23871 8  3
 167697981.57 0 0 41148.3848 8  3
 time t = 1.24927744114e-007
 85819907.0973 0 -1 41148.23871 8  2
 141702571.681 0 -1 41148.23871 8  3
 85819907.0894 0 -1 41148.23871 8  4
 91796885.2769 0 0 41148.3848 8  4
 time t = 1.25427744114e-007
 69369047.3899 0 -1 41148.23871 8  2
 174604291.074 0 -1 41148.23871 8  3
 69369047.3954 0 -1 41148.23871 8  4
 74149211.9322 0 0 41148.3848 8  4
 time t = 1.25927744114e-007
 54832027.5138 0 -1 41148.23871 8  2
 213219730.995 0 -1 41148.23871 8  3
 45290627.3605 0 -1 41148.23871 8  4
 10191861.3233 0 0 41148.3848 8  3
 48378202.9494 0 0 41148.3848 8  4
 time t = 1.26427744114e-007
 113161399.728 0 -1 41148.23871 8  2
 88774109.128 0 -1 41148.23871 8  3
 111406877.004 0 -1 41148.23871 8  4
 1872839.94602 0 0 41148.3848 8  3
 118919661.756 0 0 41148.3848 8  4
 time t = 1.26927744114e-007
 34877391.6441 0 -1 41148.23871 8  2
 244859940.847 0 -1 41148.23871 8  3
 33605053.3613 0 -1 41148.23871 8  4
 1357201.12888 0 0 41148.3848 8  3
 35846454.5209 0 0 41148.3848 8  4
 time t = 1.27427744114e-007
 152901805.687 0 -1 41148.23871 8  2
 14716600.1478 0 -1 41148.23871 8  3
 145723980.026 0 -1 41148.23871 8  4
 7651281.13317 0 0 41148.3848 8  3
 155336057.306 0 0 41148.3848 8  4
 time t = 1.27927744114e-007
 65633180.2941 0 -1 41148.23871 8  2
 182567569.318 0 -1 41148.23871 8  3
 65141636.244 0 -1 41148.23871 8  4
 523604.079308 0 0 41148.3848 8  3
 69390375.1622 0 0 41148.3848 8  4
 time t = 1.28427744114e-007
 131913895.002 0 -1 41148.23871 8  2
 49514595.8571 0 -1 41148.23871 8  3
 131913895.005 0 -1 41148.23871 8  4
 140420371.683 0 0 41148.3848 8  4
 time t = 1.28927744114e-007
 86832483.1115 0 -1 41148.23871 8  2
 139677419.632 0 -1 41148.23871 8  3
 86832483.1192 0 -1 41148.23871 8  4
 92367774.5054 0 0 41148.3848 8  4
 time t = 1.29427744114e-007
 87822818.3158 0 -1 41148.23871 8  2
 137696749.227 0 -1 41148.23871 8  3
 87822818.3186 0 -1 41148.23871 8  4
 93356378.7612 0 0 41148.3848 8  4
 time t = 1.29927744114e-007
 93563023.2412 0 -1 41148.23871 8  2
 126216339.376 0 -1 41148.23871 8  3
 93563023.2412 0 -1 41148.23871 8  4
 99389138.2296 0 0 41148.3848 8  4
 time t = 1.30267568428e-007
 6992843.28422 0 -1 10000 4  0
 58413185.2936 0 0 41148.3848 4  7
 120057307.442 0 0 41148.3848 4  9
 67185935.8161 0 0 41148.3848 4  13
 100658528.122 0 0 41148.3848 4  17
 time t = 1.30767568428e-007
 6992843.28422 0 -1 10000 4  0
 107663214.331 0 0 41148.3848 4  8
 70656637.0596 0 0 41148.3848 4  9
 83873026.3007 0 0 41148.3848 4  14
 83829765.3682 0 0 41148.3848 4  17
 time t = 1.31267568428e-007
 6992843.28422 0 -1 10000 4  0
 102656926.932 0 0 41148.3848 4  8
 75512249.9702 0 0 41148.3848 4  9
 80533875.0263 0 0 41148.3848 4  14
 87027213.2399 0 0 41148.3848 4  15
 time t = 1.31767568428e-007
 6992843.28422 0 -1 10000 4  0
 75051247.6583 0 0 41148.3848 4  7
 22374980.8315 0 0 41148.3848 4  8
 80592241.1038 0 0 41148.3848 4  9
 88817894.7188 0 0 41148.3848 4  16
 78601459.261 0 0 41148.3848 4  17
 time t = 1.32267568428e-007
 6992843.28422 0 -1 10000 4  0
 88960941.1971 0 0 41148.3848 4  8
 88906788.5566 0 0 41148.3848 4  9
 89601851.495 0 0 41148.3848 4  16
 77675737.6127 0 0 41148.3848 4  17
 time t = 1.32767568428e-007
 6992843.28422 0 -1 10000 4  0
 22730265.5398 0 0 41148.3848 4  7
 10974453.0035 0 0 41148.3848 4  8
 144012239.14 0 0 41148.3848 4  9
 86961890.4727 0 0 41148.3848 4  13
 80173903.4605 0 0 41148.3848 4  17
 time t = 1.33267568428e-007
 6992843.28422 0 -1 10000 4  0
 114150441.444 0 0 41148.3848 4  8
 63415712.2446 0 0 41148.3848 4  9
 80494257.4726 0 0 41148.3848 4  13
 86499711.2485 0 0 41148.3848 4  15
 time t = 1.33767568428e-007
 6992843.28422 0 -1 10000 4  0
 92739506.6737 0 0 41148.3848 4  7
 84675811.3781 0 0 41148.3848 4  8
 83452060.9961 0 0 41148.3848 4  14
 83400052.7696 0 0 41148.3848 4  17
 time t = 1.34267568428e-007
 6992843.28422 0 -1 10000 4  0
 80267938.0948 0 0 41148.3848 4  8
 96996513.0069 0 0 41148.3848 4  9
 84606222.4423 0 0 41148.3848 4  15
 82104006.8815 0 0 41148.3848 4  16
 time t = 1.34767568428e-007
 6992843.28422 0 -1 10000 4  0
 100317844.605 0 0 41148.3848 4  7
 76795708.4945 0 0 41148.3848 4  8
 98207968.5728 0 0 41148.3848 4  15
 68360347.1375 0 0 41148.3848 4  17
 time t = 1.35267568428e-007
 6992843.28422 0 -1 10000 4  0
 75289435.4725 0 0 41148.3848 4  7
 101673188.888 0 0 41148.3848 4  8
 79345579.1349 0 0 41148.3848 4  13
 87080794.0579 0 0 41148.3848 4  14
 time t = 1.35367107421e-007
 156655708.727 0 -1 41148.23871 8  2
 156673175.355 0 -1 41148.23871 8  3
 13501.7845966 0 -1 41148.23871 8  4
 162354718.854 0 0 41148.3848 8  3
 13994.1749096 0 0 41148.3848 8  4
 time t = 1.35718821056e-007
 6992843.28438 0 -1 10000 2  0
 112604443.76 0 0 41148.3848 2  6
 156733948.512 0 0 41148.3848 2  7
 49303291.3383 0 0 41148.3848 2  17
 time t = 1.36218821056e-007
 6992843.28438 0 -1 10000 2  0
 112528548.33 0 0 41148.3848 2  6
 156628309.667 0 0 41148.3848 2  9
 49270060.8836 0 0 41148.3848 2  16
 time t = 1.36504075723e-007
 156671192.911 0 -1 41148.23871 9  2
 156671192.936 0 -1 41148.23871 9  3
 144382919.492 0 0 41148.3848 9  3
 time t = 1.37004075723e-007
 156671192.933 0 -1 41148.23871 9  2
 156671192.939 0 -1 41148.23871 9  3
 144285491.472 0 0 41148.3848 9  3
 time t = 1.37504075723e-007
 73802992.8585 0 -1 41148.23871 9  2
 165736400.17 0 -1 41148.23871 9  3
 73802992.8476 0 -1 41148.23871 9  4
 67922570.334 0 0 41148.3848 9  4
 time t = 1.37686247482e-007
 6992843.28438 0 -1 10000 2  0
 105209312.457 0 0 41148.3848 2  6
 146776455.345 0 0 41148.3848 2  8
 129597.705301 0 0 41148.3848 2  13
 46121018.876 0 0 41148.3848 2  15
 3.05633071951 0 0 41148.3848 2  16
 time t = 1.38186247482e-007
 6992843.28438 0 -1 10000 2  0
 105168399.707 0 0 41148.3848 2  6
 146719378.377 0 0 41148.3848 2  9
 42784494.7106 0 0 41148.3848 2  16
 3448139.34953 0 0 41148.3848 2  17
 time t = 1.38686247482e-007
 6992843.28438 0 -1 10000 2  0
 105127483.659 0 0 41148.3848 2  6
 31956.8390075 0 0 41148.3848 2  7
 8327179.86675 0 0 41148.3848 2  8
 138303160.097 0 0 41148.3848 2  9
 44962924.9942 0 0 41148.3848 2  15
 1251722.21653 0 0 41148.3848 2  17
 time t = 1.39186247482e-007
 6992843.28438 0 -1 10000 2  0
 105086564.333 0 0 41148.3848 2  6
 146605210.667 0 0 41148.3848 2  7
 51519.9309921 0 0 41148.3848 2  15
 46145137.9256 0 0 41148.3848 2  17
 time t = 1.39686247482e-007
 6992843.28438 0 -1 10000 2  0
 105045641.74 0 0 41148.3848 2  6
 146548119.975 0 0 41148.3848 2  8
 2113808.09464 0 0 41148.3848 2  14
 44064860.7187 0 0 41148.3848 2  16
 time t = 1.40186247482e-007
 6992843.28438 0 -1 10000 2  0
 105004715.909 0 0 41148.3848 2  6
 146491024.754 0 0 41148.3848 2  7
 23516376.0424 0 0 41148.3848 2  14
 22644299.6329 0 0 41148.3848 2  15
 2.15785460093 0 0 41148.3848 2  16
 time t = 1.40278604322e-007
 49449333.2873 0 -1 41148.23871 7  2
 214493021.533 0 -1 41148.23871 7  3
 49400031.0298 0 -1 41148.23871 7  4
 42609.9563658 0 0 41148.3848 7  3
 42694456.2604 0 0 41148.3848 7  4
 time t = 1.40778604322e-007
 11396701.0061 0 -1 41148.23871 7  2
 290548983.869 0 -1 41148.23871 7  3
 11396701.002 0 -1 41148.23871 7  4
 9845869.86688 0 0 41148.3848 7  4
 time t = 1.41278604322e-007
 74200698.907 0 -1 41148.23871 7  2
 164940988.11 0 -1 41148.23871 7  3
 74200698.898 0 -1 41148.23871 7  4
 64078675.3292 0 0 41148.3848 7  4
 time t = 1.41553498134e-007
 6992843.28438 0 -1 10000 2  0
 95722207.0816 0 0 41148.3848 2  6
 133955922.146 0 0 41148.3848 2  8
 82651.1144784 0 0 41148.3848 2  14
 42226900.8463 0 0 41148.3848 2  16
 time t = 1.42053498134e-007
 6992843.28438 0 -1 10000 2  0
 95700747.7472 0 0 41148.3848 2  6
 133925891.454 0 0 41148.3848 2  9
 33003656.2717 0 0 41148.3848 2  14
 9296399.02387 0 0 41148.3848 2  15
 12.1664167342 0 0 41148.3848 2  16
 time t = 1.42553498134e-007
 6992843.28438 0 -1 10000 2  0
 95679272.2999 0 0 41148.3848 2  6
 133895838.198 0 0 41148.3848 2  9
 40825.2700821 0 0 41148.3848 2  15
 42249749.9428 0 0 41148.3848 2  16
 time t = 1.43053498134e-007
 6992843.28438 0 -1 10000 2  0
 95657780.7606 0 0 41148.3848 2  6
 133865762.425 0 0 41148.3848 2  8
 248101.882341 0 0 41148.3848 2  14
 42032973.9644 0 0 41148.3848 2  17
 time t = 1.43553498134e-007
 6992843.28438 0 -1 10000 2  0
 95636273.1314 0 0 41148.3848 2  6
 36492.5041765 0 0 41148.3848 2  7
 87554.3021311 0 0 41148.3848 2  8
 133711617.337 0 0 41148.3848 2  9
 42253496.6472 0 0 41148.3848 2  15
 18072.8003978 0 0 41148.3848 2  17
 time t = 1.44053498134e-007
 6992843.28438 0 -1 10000 2  0
 95614749.4309 0 0 41148.3848 2  6
 133805116.11 0 0 41148.3848 2  7
 427.259936519 0 0 41148.3848 2  8
 31789.8564497 0 0 41148.3848 2  14
 42230266.0424 0 0 41148.3848 2  16
 time t = 1.44553498134e-007
 6992843.28438 0 -1 10000 2  0
 95593209.6736 0 0 41148.3848 2  6
 133775400.12 0 0 41148.3848 2  9
 42249820.3244 0 0 41148.3848 2  13
 2714.92525661 0 0 41148.3848 2  14
 time t = 1.45053498134e-007
 6992843.28438 0 -1 10000 2  0
 95571653.87 0 0 41148.3848 2  6
 133745234.418 0 0 41148.3848 2  9
 118419.081393 0 0 41148.3848 2  14
 42124588.4247 0 0 41148.3848 2  15
 time t = 1.45217919232e-007
 47432053.5966 0 -1 41148.23871 9  2
 218478278.667 0 -1 41148.23871 9  3
 47432053.6027 0 -1 41148.23871 9  4
 37548743.6936 0 0 41148.3848 9  4
 time t = 1.45717919232e-007
 78215183.538 0 -1 41148.23871 9  2
 156913008.834 0 -1 41148.23871 9  3
 78214193.4794 0 -1 41148.23871 9  4
 783.595637633 0 0 41148.3848 9  3
 61902898.6461 0 0 41148.3848 9  4
 time t = 1.46217919232e-007
 107013820.837 0 -1 41148.23871 9  2
 100602917.828 0 -1 41148.23871 9  3
 105725647.199 0 -1 41148.23871 9  4
 1019299.13319 0 0 41148.3848 9  3
 83658024.1538 0 0 41148.3848 9  4
 time t = 1.46717919232e-007
 71025613.7445 0 -1 41148.23871 9  2
 171291158.374 0 -1 41148.23871 9  3
 71025613.7464 0 -1 41148.23871 9  4
 56188053.5379 0 0 41148.3848 9  4
 time t = 1.47217919232e-007
 73441628.0284 0 -1 41148.23871 9  2
 166459129.811 0 -1 41148.23871 9  3
 73441628.0256 0 -1 41148.23871 9  4
 58086195.802 0 0 41148.3848 9  4
 time t = 1.47717919232e-007
 96904380.7536 0 -1 41148.23871 9  2
 119533624.364 0 -1 41148.23871 9  3
 96904380.7507 0 -1 41148.23871 9  4
 76625902.2254 0 0 41148.3848 9  4
 time t = 1.48217919232e-007
 5254816.54777 0 -1 41148.23871 9  2
 307141939.537 0 -1 41148.23871 9  3
 945629.786903 0 -1 41148.23871 9  4
 3406661.35726 0 0 41148.3848 9  3
 747575.036945 0 0 41148.3848 9  4
 time t = 1.48717919232e-007
 156671192.925 0 -1 41148.23871 9  2
 156671192.994 0 -1 41148.23871 9  3
 123829511.378 0 0 41148.3848 9  3
 time t = 1.49217919232e-007
 82024772.0886 0 -1 41148.23871 9  2
 176926214.98 0 -1 41148.23871 9  3
 54391398.791 0 -1 41148.23871 9  4
 21835853.876 0 0 41148.3848 9  3
 42980009.118 0 0 41148.3848 9  4
 time t = 1.49717919232e-007
 68041234.5996 0 -1 41148.23871 9  2
 177260423.22 0 -1 41148.23871 9  3
 68040728.0411 0 -1 41148.23871 9  4
 400.194637265 0 0 41148.3848 9  3
 53753456.9151 0 0 41148.3848 9  4
 time t = 1.50217919232e-007
 78339863.0132 0 -1 41148.23871 9  2
 156662659.833 0 -1 41148.23871 9  3
 78339863.0182 0 -1 41148.23871 9  4
 61875871.9259 0 0 41148.3848 9  4
 time t = 1.50386097526e-007
 6992843.28422 0 -1 10000 4  0
 2120543.52416 0 0 41148.3848 4  7
 70528626.3158 0 0 41148.3848 4  8
 60772949.3354 0 0 41148.3848 4  9
 59761279.334 0 0 41148.3848 4  13
 66661273.8387 0 0 41148.3848 4  15
 time t = 1.50886097526e-007
 6992843.28422 0 -1 10000 4  0
 66705806.0314 0 0 41148.3848 4  7
 66685886.8528 0 0 41148.3848 4  9
 66423040.3739 0 0 41148.3848 4  16
 59970682.722 0 0 41148.3848 4  17
 time t = 1.51386097526e-007
 6992843.28422 0 -1 10000 4  0
 52960285.2158 0 0 41148.3848 4  7
 80400959.1435 0 0 41148.3848 4  8
 57872949.3106 0 0 41148.3848 4  14
 68491922.6591 0 0 41148.3848 4  17
 time t = 1.51886097526e-007
 6992843.28422 0 -1 10000 4  0
 91667927.8299 0 0 41148.3848 4  8
 41662845.8045 0 0 41148.3848 4  9
 71625975.9387 0 0 41148.3848 4  13
 54710023.8645 0 0 41148.3848 4  17
 time t = 1.52386097526e-007
 6992843.28422 0 -1 10000 4  0
 58616106.1632 0 0 41148.3848 4  7
 74684174.5594 0 0 41148.3848 4  8
 54697504.4341 0 0 41148.3848 4  13
 71609602.1805 0 0 41148.3848 4  14
 time t = 1.52886097526e-007
 6992843.28422 0 -1 10000 4  0
 66662198.1861 0 0 41148.3848 4  7
 66607567.4827 0 0 41148.3848 4  9
 65055066.5123 0 0 41148.3848 4  13
 61223125.8835 0 0 41148.3848 4  14
 time t = 1.53386097526e-007
 6992843.28422 0 -1 10000 4  0
 38522573.1296 0 0 41148.3848 4  7
 71800294.0523 0 0 41148.3848 4  8
 22916361.2626 0 0 41148.3848 4  9
 62117843.2013 0 0 41148.3848 4  13
 64131414.0066 0 0 41148.3848 4  17
 time t = 1.53886097526e-007
 6992843.28422 0 -1 10000 4  0
 20583927.8086 0 0 41148.3848 4  7
 13094044.2707 0 0 41148.3848 4  8
 99530697.001 0 0 41148.3848 4  9
 120329783.039 0 0 41148.3848 4  13
 5890518.02201 0 0 41148.3848 4  17
 time t = 1.54386097526e-007
 6992843.28422 0 -1 10000 4  0
 37318629.4529 0 0 41148.3848 4  7
 9306134.75406 0 0 41148.3848 4  8
 86553323.4057 0 0 41148.3848 4  9
 64974286.1572 0 0 41148.3848 4  16
 61217037.7926 0 0 41148.3848 4  17
 time t = 1.54886097526e-007
 6992843.28422 0 -1 10000 4  0
 66501866.9877 0 0 41148.3848 4  7
 66645617.0582 0 0 41148.3848 4  9
 65193790.5276 0 0 41148.3848 4  14
 60968535.3843 0 0 41148.3848 4  15
 time t = 1.55386097526e-007
 6992843.28422 0 -1 10000 4  0
 64409285.9103 0 0 41148.3848 4  8
 68707572.504 0 0 41148.3848 4  9
 65489012.5633 0 0 41148.3848 4  16
 60644294.3783 0 0 41148.3848 4  17
 time t = 1.55886097526e-007
 6992843.28422 0 -1 10000 4  0
 61589185.9726 0 0 41148.3848 4  7
 69545792.2594 0 0 41148.3848 4  8
 1951232.48859 0 0 41148.3848 4  9
 49493000.2065 0 0 41148.3848 4  13
 76611266.8774 0 0 41148.3848 4  14
 time t = 1.56386097526e-007
 6992843.28422 0 -1 10000 4  0
 64558313.9415 0 0 41148.3848 4  7
 68497227.0395 0 0 41148.3848 4  8
 66100128.2746 0 0 41148.3848 4  13
 59975078.0687 0 0 41148.3848 4  17
 time t = 1.56886097526e-007
 6992843.28422 0 -1 10000 4  0
 67114610.3924 0 0 41148.3848 4  7
 65910238.8393 0 0 41148.3848 4  8
 61432641.473 0 0 41148.3848 4  15
 64613483.259 0 0 41148.3848 4  17
 time t = 1.5689865473e-007
 171545768.514 0 -1 41148.3848 15  2
 141799473.89 0 -1 41148.3848 15  3
 107037057.037 0 0 41148.3848 15  2
 21200228.9374 0 0 41148.3848 15  3
 time t = 1.5739865473e-007
 83354698.518 0 -1 41148.3848 15  2
 229991024.756 0 -1 41148.3848 15  3
 62296565.8778 0 0 41148.3848 15  3
 time t = 1.5789865473e-007
 52231894.0807 0 -1 41148.3848 15  2
 261113233.708 0 -1 41148.3848 15  3
 6707.67787031 0 0 41148.3848 15  2
 39020673.875 0 0 41148.3848 15  3
 time t = 1.58376394463e-007
 6992843.28438 0 -1 10000 3  0
 15.9495466652 0 0 41148.3848 3  14
 10.3460701285 0 0 41148.3848 3  15
 240372933.541 0 0 41148.3848 3  16
 time t = 1.58876394463e-007
 6992843.28438 0 -1 10000 3  0
 64.4603861204 0 0 41148.3848 3  13
 44.8104866443 0 0 41148.3848 3  15
 240319919.552 0 0 41148.3848 3  16
 time t = 1.59376394463e-007
 6992843.28438 0 -1 10000 3  0
 11.3005075183 0 0 41148.3848 3  14
 3.82605931586 0 0 41148.3848 3  15
 240266970.14 0 0 41148.3848 3  16
 time t = 1.59876394463e-007
 6992843.28438 0 -1 10000 3  0
 1.95425689909 0 0 41148.3848 3  14
 3.76364117955 0 0 41148.3848 3  15
 240213823.531 0 0 41148.3848 3  16
 time t = 1.60376394463e-007
 6992843.28438 0 -1 10000 3  0
 48.4899385164 0 0 41148.3848 3  13
 240160512.214 0 0 41148.3848 3  14
 time t = 1.60876394463e-007
 6992843.28438 0 -1 10000 3  0
 240107180.144 0 0 41148.3848 3  15
 time t = 1.61376394463e-007
 6992843.28438 0 -1 10000 3  0
 240053687.204 0 0 41148.3848 3  16
 time t = 1.61876394463e-007
 6992843.28438 0 -1 10000 3  0
 44.7834590837 0 0 41148.3848 3  13
 11.8135139595 0 0 41148.3848 3  14
 240000025.554 0 0 41148.3848 3  15
 time t = 1.62376394463e-007
 6992843.28438 0 -1 10000 3  0
 239946359.951 0 0 41148.3848 3  14
 4.18752623174 0 0 41148.3848 3  15
 time t = 1.62876394463e-007
 6992843.28438 0 -1 10000 3  0
 239892535.769 0 0 41148.3848 3  17
 time t = 1.63376394463e-007
 6992843.28438 0 -1 10000 3  0
 239838594.761 0 0 41148.3848 3  16
 time t = 1.63876394463e-007
 6992843.28438 0 -1 10000 3  0
 3.74510510809 0 0 41148.3848 3  14
 239784538.164 0 0 41148.3848 3  16
 time t = 1.64376394463e-007
 6992843.28438 0 -1 10000 3  0
 5.01351426021 0 0 41148.3848 3  13
 17.8048070231 0 0 41148.3848 3  15
 239730354.684 0 0 41148.3848 3  17
 time t = 1.64876394463e-007
 6992843.28438 0 -1 10000 3  0
 239676101.04 0 0 41148.3848 3  14
 time t = 1.65376394463e-007
 6992843.28438 0 -1 10000 3  0
 239621712.99 0 0 41148.3848 3  15
 time t = 1.65876394463e-007
 6992843.28438 0 -1 10000 3  0
 239567213.742 0 0 41148.3848 3  14
 time t = 1.66376394463e-007
 6992843.28438 0 -1 10000 3  0
 239512603.115 0 0 41148.3848 3  16
 time t = 1.66876394463e-007
 6992843.28438 0 -1 10000 3  0
 239457399.169 0 0 41148.3848 3  14
 454.861196793 0 0 41148.3848 3  15
 27.4060286026 0 0 41148.3848 3  17
 time t = 1.67376394463e-007
 6992843.28438 0 -1 10000 3  0
 1.81750248836 0 0 41148.3848 3  15
 239403046.211 0 0 41148.3848 3  16
 time t = 1.67876394463e-007
 6992843.28438 0 -1 10000 3  0
 25.8026512653 0 0 41148.3848 3  14
 239348077.096 0 0 41148.3848 3  15
 time t = 1.68376394463e-007
 6992843.28438 0 -1 10000 3  0
 239282943.802 0 0 41148.3848 3  15
 2015.46583325 0 0 41148.3848 3  16
 8088.89272061 0 0 41148.3848 3  17
 time t = 1.68755090476e-007
 313315837.631 0 -1 41148.3848 15  2
 29541.014894 0 -1 41148.3848 15  3
 222646857.194 0 0 41148.3848 15  2
 4198.54759019 0 0 41148.3848 15  3
 time t = 1.69255090476e-007
 1.012058183 0 -1 41148.3848 15  2
 313345377.664 0 -1 41148.3848 15  3
 time t = 1.69755090476e-007
 312655311.023 0 -1 41148.3848 15  2
 690066.985634 0 -1 41148.3848 15  3
 221980915.335 0 0 41148.3848 15  2
 98031.347712 0 0 41148.3848 15  3
 time t = 1.70255090476e-007
 313345378.596 0 -1 41148.3848 15  3
 time t = 1.70755090476e-007
 313308643.153 0 -1 41148.3848 15  2
 36735.487152 0 -1 41148.3848 15  3
 222434444.916 0 0 41148.3848 15  2
 5216.08914407 0 0 41148.3848 15  3
 time t = 1.70852903402e-007
 6992843.28438 0 -1 10000 2  0
 87094009.4723 0 0 41148.3848 2  6
 5642377.00665 0 0 41148.3848 2  7
 40158294.2914 0 0 41148.3848 2  8
 76403884.0117 0 0 41148.3848 2  9
 38252055.6804 0 0 41148.3848 2  13
 423138.899158 0 0 41148.3848 2  14
 time t = 1.71352903402e-007
 6992843.28438 0 -1 10000 2  0
 87069816.3234 0 0 41148.3848 2  6
 91880772.1476 0 0 41148.3848 2  7
 2328616.16678 0 0 41148.3848 2  8
 27961220.7893 0 0 41148.3848 2  9
 23628785.7116 0 0 41148.3848 2  13
 15035509.3805 0 0 41148.3848 2  14
 156.229886007 0 0 41148.3848 2  15
 time t = 1.71852903402e-007
 6992843.28438 0 -1 10000 2  0
 87045549.9939 0 0 41148.3848 2  6
 122136560.134 0 0 41148.3848 2  8
 4335646.11493 0 0 41148.3848 2  14
 34318029.1656 0 0 41148.3848 2  15
 time t = 1.72352903402e-007
 6992843.28438 0 -1 10000 2  0
 87021210.4781 0 0 41148.3848 2  6
 122102408.574 0 0 41148.3848 2  9
 11.1835148782 0 0 41148.3848 2  13
 17685483.3358 0 0 41148.3848 2  16
 20957372.7602 0 0 41148.3848 2  17
 time t = 1.72852903402e-007
 6992843.28438 0 -1 10000 2  0
 86996797.8965 0 0 41148.3848 2  6
 122068154.453 0 0 41148.3848 2  7
 530882.158706 0 0 41148.3848 2  13
 38101143.7334 0 0 41148.3848 2  15
 time t = 1.73352903402e-007
 6992843.28438 0 -1 10000 2  0
 86972312.3025 0 0 41148.3848 2  6
 122033797.878 0 0 41148.3848 2  8
 5968463.89932 0 0 41148.3848 2  15
 32652674.4439 0 0 41148.3848 2  16
 15.0750766782 0 0 41148.3848 2  17
 time t = 1.73852903402e-007
 6992843.28438 0 -1 10000 2  0
 86947753.748 0 0 41148.3848 2  6
 120955909.599 0 0 41148.3848 2  7
 1043428.68046 0 0 41148.3848 2  8
 7031.87152362 0 0 41148.3848 2  13
 38603215.9352 0 0 41148.3848 2  14
 time t = 1.74352903402e-007
 6992843.28438 0 -1 10000 2  0
 86923122.2995 0 0 41148.3848 2  6
 119028851.219 0 0 41148.3848 2  7
 2904866.60637 0 0 41148.3848 2  8
 31059.9387267 0 0 41148.3848 2  9
 34511868.3249 0 0 41148.3848 2  13
 4087441.57308 0 0 41148.3848 2  15
 time t = 1.74852903402e-007
 6992843.28438 0 -1 10000 2  0
 86898418.0582 0 0 41148.3848 2  6
 121930114.352 0 0 41148.3848 2  9
 29549319.4984 0 0 41148.3848 2  14
 9039019.36485 0 0 41148.3848 2  16
 time t = 1.75352903402e-007
 6992843.28438 0 -1 10000 2  0
 86873641.0474 0 0 41148.3848 2  6
 121895348.916 0 0 41148.3848 2  7
 14088423.6407 0 0 41148.3848 2  14
 24488913.5665 0 0 41148.3848 2  16
 time t = 1.75852903402e-007
 6992843.28438 0 -1 10000 2  0
 86848791.3514 0 0 41148.3848 2  6
 103943251.881 0 0 41148.3848 2  7
 2490494.36335 0 0 41148.3848 2  8
 15426735.2104 0 0 41148.3848 2  9
 31711749.7603 0 0 41148.3848 2  13
 6854552.11961 0 0 41148.3848 2  16
 time t = 1.76352903402e-007
 6992843.28438 0 -1 10000 2  0
 86823869.0424 0 0 41148.3848 2  6
 34801776.2333 0 0 41148.3848 2  7
 86176192.4216 0 0 41148.3848 2  8
 847543.468298 0 0 41148.3848 2  9
 34166559.7226 0 0 41148.3848 2  13
 605.821084108 0 0 41148.3848 2  14
 4388069.76888 0 0 41148.3848 2  15
 time t = 1.7664824142e-007
 67735151.8323 0 -1 41148.23871 8  2
 177872082.217 0 -1 41148.23871 8  3
 67735151.8255 0 -1 41148.23871 8  4
 48973938.9106 0 0 41148.3848 8  4
 time t = 1.7714824142e-007
 156671192.935 0 -1 41148.23871 8  2
 156671192.922 0 -1 41148.23871 8  3
 113243895.017 0 0 41148.3848 8  3
 time t = 1.7764824142e-007
 96130720.65 0 -1 41148.23871 8  2
 121230509.697 0 -1 41148.23871 8  3
 95981155.518 0 -1 41148.23871 8  4
 108076.262412 0 0 41148.3848 8  3
 69356304.5912 0 0 41148.3848 8  4
 time t = 1.78044486498e-007
 6992843.28438 0 -1 10000 3  0
 209167969.784 0 0 41148.3848 3  16
 time t = 1.78544486498e-007
 6992843.28438 0 -1 10000 3  0
 209057154.836 0 0 41148.3848 3  14
 time t = 1.79044486498e-007
 6992843.28438 0 -1 10000 3  0
 208946213.217 0 0 41148.3848 3  16
 time t = 1.79544486498e-007
 6992843.28438 0 -1 10000 3  0
 208835145.19 0 0 41148.3848 3  14
 time t = 1.80044486498e-007
 6992843.28438 0 -1 10000 3  0
 208723951.02 0 0 41148.3848 3  15
 time t = 1.80350720355e-007
 313046072.7 0 -1 41148.3848 15  2
 299306.401059 0 -1 41148.3848 15  3
 194801865.498 0 0 41148.3848 15  2
 51962.1756147 0 0 41148.3848 15  3
 time t = 1.80850720355e-007
 52224413.1271 0 -1 41148.3848 15  2
 261120714.43 0 -1 41148.3848 15  3
 32489447.5658 0 0 41148.3848 15  3
 time t = 1.81287452511e-007
 6992843.28438 0 -1 10000 3  0
 193142162.742 0 0 41148.3848 3  16
 time t = 1.81787452511e-007
 6992843.28438 0 -1 10000 3  0
 192995743.914 0 0 41148.3848 3  16
 time t = 1.82287452511e-007
 6992843.28438 0 -1 10000 3  0
 192849143.291 0 0 41148.3848 3  16
 time t = 1.82787452511e-007
 6992843.28438 0 -1 10000 3  0
 192702361.455 0 0 41148.3848 3  16
 time t = 1.83153500893e-007
 313345378.676 0 -1 41148.3848 16  3
 time t = 1.83653500893e-007
 64507031.4605 0 -1 41148.3848 16  2
 248838691.815 0 -1 41148.3848 16  3
 37123522.4407 0 0 41148.3848 16  3
 time t = 1.84153500893e-007
 79308328.7745 0 -1 41148.3848 16  2
 234037394.516 0 -1 41148.3848 16  3
 45606678.1195 0 0 41148.3848 16  3
 time t = 1.84196679261e-007
 6992843.28438 0 -1 10000 3  0
 64.4790474615 0 0 41148.3848 3  13
 49.7426884632 0 0 41148.3848 3  14
 185111028.298 0 0 41148.3848 3  15
 time t = 1.84696679261e-007
 6992843.28438 0 -1 10000 3  0
 5.92844179172 0 0 41148.3848 3  14
 184927159.061 0 0 41148.3848 3  15
 22.285385881 0 0 41148.3848 3  16
 time t = 1.85196679261e-007
 6992843.28438 0 -1 10000 3  0
 184743001.068 0 0 41148.3848 3  16
 time t = 1.85696679261e-007
 6992843.28438 0 -1 10000 3  0
 3.59658967571 0 0 41148.3848 3  13
 3.04308732346 0 0 41148.3848 3  15
 184558583.224 0 0 41148.3848 3  16
 time t = 1.85715367918e-007
 72990448.7637 0 -1 41148.3848 16  2
 240355274.498 0 -1 41148.3848 16  3
 40329991.5561 0 0 41148.3848 16  3
 time t = 1.86215367918e-007
 18.0675558737 0 -1 41148.3848 16  2
 313345360.608 0 -1 41148.3848 16  3
 9.92755697874 0 0 41148.3848 16  2
 time t = 1.86715367918e-007
 54197840.911 0 -1 41148.3848 16  2
 259147288.758 0 -1 41148.3848 16  3
 1305855.1162 0 0 41148.3848 16  2
 28580546.9153 0 0 41148.3848 16  3
 time t = 1.87215367918e-007
 72178090.2543 0 -1 41148.3848 16  2
 241167633.037 0 -1 41148.3848 16  3
 39761280.1014 0 0 41148.3848 16  3
 time t = 1.87715367918e-007
 41195303.9013 0 -1 41148.3848 16  2
 272150417.548 0 -1 41148.3848 16  3
 22670705.2844 0 0 41148.3848 16  3
 time t = 1.88215367918e-007
 307990917.148 0 -1 41148.3848 16  2
 5354456.40824 0 -1 41148.3848 16  3
 168734520.142 0 0 41148.3848 16  2
 588738.543898 0 0 41148.3848 16  3
 time t = 1.88672754016e-007
 6992843.28438 0 -1 10000 2  0
 68026600.7986 0 0 41148.3848 2  6
 96110247.6817 0 0 41148.3848 2  7
 119054.69728 0 0 41148.3848 2  13
 30457097.4918 0 0 41148.3848 2  15
 time t = 1.89172754016e-007
 6992843.28438 0 -1 10000 2  0
 67957641.8077 0 0 41148.3848 2  6
 96012820.1127 0 0 41148.3848 2  9
 15541239.2942 0 0 41148.3848 2  14
 15003917.6235 0 0 41148.3848 2  15
 time t = 1.89672754016e-007
 6992843.28438 0 -1 10000 2  0
 67888601.2701 0 0 41148.3848 2  6
 95915277.3434 0 0 41148.3848 2  8
 1712128.0371 0 0 41148.3848 2  15
 28801995.5249 0 0 41148.3848 2  16
 1.91280413582 0 0 41148.3848 2  17
 time t = 1.90172754016e-007
 6992843.28438 0 -1 10000 2  0
 67819479.5792 0 0 41148.3848 2  6
 95817619.9158 0 0 41148.3848 2  9
 25746202.8177 0 0 41148.3848 2  15
 4736137.27693 0 0 41148.3848 2  16
 717.017271006 0 0 41148.3848 2  17
 time t = 1.90672754016e-007
 6992843.28438 0 -1 10000 2  0
 67750277.1257 0 0 41148.3848 2  6
 95719848.3834 0 0 41148.3848 2  8
 101305.90996 0 0 41148.3848 2  14
 6947233.33324 0 0 41148.3848 2  16
 23403413.2038 0 0 41148.3848 2  17
 time t = 1.91172754016e-007
 6992843.28438 0 -1 10000 2  0
 67680994.2997 0 0 41148.3848 2  6
 95621963.3046 0 0 41148.3848 2  7
 30358348.836 0 0 41148.3848 2  16
 62462.7847746 0 0 41148.3848 2  17
 time t = 1.9162762127e-007
 104445365.359 0 -1 41148.0561 6  2
 208890730.738 0 -1 41148.0561 6  3
 63221468.6379 0 0 41148.3848 6  3
 time t = 1.9212762127e-007
 104445365.36 0 -1 41148.0561 6  2
 208890730.718 0 -1 41148.0561 6  3
 63156547.998 0 0 41148.3848 6  3
 time t = 1.92619164415e-007
 6992843.28438 0 -1 10000 3  0
 12850.3604998 0 0 41148.3848 3  15
 175775301.92 0 0 41148.3848 3  16
 time t = 1.93119164415e-007
 6992843.28438 0 -1 10000 3  0
 1843.02550385 0 0 41148.3848 3  15
 175581209.81 0 0 41148.3848 3  16
 2950.12135649 0 0 41148.3848 3  17
 time t = 1.93619164415e-007
 6992843.28438 0 -1 10000 3  0
 175383548.268 0 0 41148.3848 3  15
 time t = 1.93768941966e-007
 95741417.5624 0 -1 41148.3848 15  2
 217604305.75 0 -1 41148.3848 15  3
 50308719.2371 0 0 41148.3848 15  3
 time t = 1.94268941966e-007
 63545054.1855 0 -1 41148.3848 15  2
 249800669.102 0 -1 41148.3848 15  3
 33352039.3797 0 0 41148.3848 15  3
 time t = 1.94767875286e-007
 6992843.28438 0 -1 10000 3  0
 32.341771043 0 0 41148.3848 3  13
 171.922953496 0 0 41148.3848 3  15
 165400393.237 0 0 41148.3848 3  16
 time t = 1.95267875286e-007
 6992843.28438 0 -1 10000 3  0
 895.880999542 0 0 41148.3848 3  14
 970.743458624 0 0 41148.3848 3  16
 165210930.006 0 0 41148.3848 3  17
 time t = 1.95767875286e-007
 6992843.28438 0 -1 10000 3  0
 42.8888374612 0 0 41148.3848 3  14
 165024748.595 0 0 41148.3848 3  15
 38.652033537 0 0 41148.3848 3  16
 time t = 1.96267875286e-007
 6992843.28438 0 -1 10000 3  0
 164836698.984 0 0 41148.3848 3  17
 time t = 1.96767875286e-007
 6992843.28438 0 -1 10000 3  0
 7.17152253457 0 0 41148.3848 3  13
 164648396.902 0 0 41148.3848 3  14
 time t = 1.97267875286e-007
 6992843.28438 0 -1 10000 3  0
 93.3858432436 0 0 41148.3848 3  13
 11.1059353227 0 0 41148.3848 3  14
 164459842.93 0 0 41148.3848 3  15
 time t = 1.97767875286e-007
 6992843.28438 0 -1 10000 3  0
 164271328.76 0 0 41148.3848 3  16
 time t = 1.98267875286e-007
 6992843.28438 0 -1 10000 3  0
 24.7167500441 0 0 41148.3848 3  14
 164082525.028 0 0 41148.3848 3  16
 time t = 1.98767875286e-007
 6992843.28438 0 -1 10000 3  0
 169.884340928 0 0 41148.3848 3  13
 41.6674761731 0 0 41148.3848 3  15
 163893400.377 0 0 41148.3848 3  16
 time t = 1.99267875286e-007
 6992843.28438 0 -1 10000 3  0
 4.033680819 0 0 41148.3848 3  13
 163704511.417 0 0 41148.3848 3  16
 time t = 1.99767875286e-007
 6992843.28438 0 -1 10000 3  0
 163515261.548 0 0 41148.3848 3  16
 time t = 2.00267875286e-007
 6992843.28438 0 -1 10000 3  0
 871136.361649 0 0 41148.3848 3  13
 162454713.327 0 0 41148.3848 3  15
 2.3333424906 0 0 41148.3848 3  16
 time t = 2.00767875286e-007
 6992843.28438 0 -1 10000 3  0
 163136276.497 0 0 41148.3848 3  14
 10.2255677071 0 0 41148.3848 3  15
 time t = 2.01267875286e-007
 6992843.28438 0 -1 10000 3  0
 162946567.97 0 0 41148.3848 3  13
 time t = 2.01300756991e-007
 313345378.472 0 -1 41148.3848 13  3
 time t = 2.01800756991e-007
 52251161.7473 0 -1 41148.3848 13  2
 261093965.893 0 -1 41148.3848 13  3
 15684.9872594 0 0 41148.3848 13  2
 25513413.7237 0 0 41148.3848 13  3
 time t = 2.02056541811e-007
 6992843.28438 0 -1 10000 3  0
 26.7286906279 0 0 41148.3848 3  13
 153362516.508 0 0 41148.3848 3  14
 4.49871133297 0 0 41148.3848 3  16
 time t = 2.02556541811e-007
 6992843.28438 0 -1 10000 3  0
 15341.0848455 0 0 41148.3848 3  13
 153119911.649 0 0 41148.3848 3  15
 11225.2903808 0 0 41148.3848 3  16
 time t = 2.03056541811e-007
 6992843.28438 0 -1 10000 3  0
 2.10508629268 0 0 41148.3848 3  14
 152930205.107 0 0 41148.3848 3  15
 2.27367004571 0 0 41148.3848 3  16
 time t = 2.03556541811e-007
 6992843.28438 0 -1 10000 3  0
 76.9181537226 0 0 41148.3848 3  14
 152713666.73 0 0 41148.3848 3  15
 time t = 2.04056541811e-007
 6992843.28438 0 -1 10000 3  0
 152494938.375 0 0 41148.3848 3  13
 1649.03393436 0 0 41148.3848 3  15
 495.33519957 0 0 41148.3848 3  16
 time t = 2.04556541811e-007
 6992843.28438 0 -1 10000 3  0
 349.24127449 0 0 41148.3848 3  13
 6864.3710465 0 0 41148.3848 3  16
 152273014.333 0 0 41148.3848 3  17
 time t = 2.05056541811e-007
 6992843.28438 0 -1 10000 3  0
 152062995.019 0 0 41148.3848 3  13
 35.1474016835 0 0 41148.3848 3  16
 150.963553725 0 0 41148.3848 3  17
 time t = 2.05556541811e-007
 6992843.28438 0 -1 10000 3  0
 151845943.802 0 0 41148.3848 3  17
 time t = 2.06056541811e-007
 6992843.28438 0 -1 10000 3  0
 51.8926080369 0 0 41148.3848 3  13
 151628346.947 0 0 41148.3848 3  14
 119.414681804 0 0 41148.3848 3  15
 time t = 2.06556541811e-007
 6992843.28438 0 -1 10000 3  0
 309.555164141 0 0 41148.3848 3  14
 151410583.213 0 0 41148.3848 3  15
 12.825976704 0 0 41148.3848 3  16
 time t = 2.07056541811e-007
 6992843.28438 0 -1 10000 3  0
 25.1411032764 0 0 41148.3848 3  15
 68.1241742276 0 0 41148.3848 3  16
 151193014.454 0 0 41148.3848 3  17
 time t = 2.07556541811e-007
 6992843.28438 0 -1 10000 3  0
 150975125.238 0 0 41148.3848 3  16
 time t = 2.08056541811e-007
 6992843.28438 0 -1 10000 3  0
 1616.19794685 0 0 41148.3848 3  14
 3900.22930851 0 0 41148.3848 3  15
 150751446.69 0 0 41148.3848 3  17
 time t = 2.08556541811e-007
 6992843.28438 0 -1 10000 3  0
 150538618.466 0 0 41148.3848 3  13
 1.17737277145 0 0 41148.3848 3  15
 time t = 2.09056541811e-007
 6992843.28438 0 -1 10000 3  0
 150320065.046 0 0 41148.3848 3  14
 29.1870155297 0 0 41148.3848 3  15
 3.79762817677 0 0 41148.3848 3  16
 time t = 2.09556541811e-007
 6992843.28438 0 -1 10000 3  0
 135.847108799 0 0 41148.3848 3  14
 150101255.283 0 0 41148.3848 3  15
 8.41825832668 0 0 41148.3848 3  17
 time t = 2.10056541811e-007
 6992843.28438 0 -1 10000 3  0
 149882486.269 0 0 41148.3848 3  14
 29.0961941008 0 0 41148.3848 3  15
 10.6667286662 0 0 41148.3848 3  17
 time t = 2.10556541811e-007
 6992843.28438 0 -1 10000 3  0
 308.991803165 0 0 41148.3848 3  13
 149663113.555 0 0 41148.3848 3  14
 56.6319761625 0 0 41148.3848 3  16
 time t = 2.11056541811e-007
 6992843.28438 0 -1 10000 3  0
 20140.0869667 0 0 41148.3848 3  15
 5217.83358034 0 0 41148.3848 3  16
 149418902.761 0 0 41148.3848 3  17
 time t = 2.11556541811e-007
 6992843.28438 0 -1 10000 3  0
 12.9992834431 0 0 41148.3848 3  14
 2.26641501515 0 0 41148.3848 3  15
 149224856.967 0 0 41148.3848 3  16
 time t = 2.12056541811e-007
 6992843.28438 0 -1 10000 3  0
 149005314.841 0 0 41148.3848 3  13
 time t = 2.12556541811e-007
 6992843.28438 0 -1 10000 3  0
 148785591.018 0 0 41148.3848 3  16
 time t = 2.13056541811e-007
 6992843.28438 0 -1 10000 3  0
 3.5890047418 0 0 41148.3848 3  14
 148565700.5 0 0 41148.3848 3  15
 time t = 2.13556541811e-007
 6992843.28438 0 -1 10000 3  0
 111.915429626 0 0 41148.3848 3  14
 25.0597218484 0 0 41148.3848 3  15
 148345515.789 0 0 41148.3848 3  16
 time t = 2.14056541811e-007
 6992843.28438 0 -1 10000 3  0
 33.6053680436 0 0 41148.3848 3  13
 132.798032866 0 0 41148.3848 3  14
 148125273.526 0 0 41148.3848 3  15
 time t = 2.14556541811e-007
 6992843.28438 0 -1 10000 3  0
 389.137286145 0 0 41148.3848 3  14
 502.204157783 0 0 41148.3848 3  15
 147904175.942 0 0 41148.3848 3  16
 time t = 2.15056541811e-007
 6992843.28438 0 -1 10000 3  0
 2.41600566059 0 0 41148.3848 3  13
 147684515.39 0 0 41148.3848 3  14
 18.7095915052 0 0 41148.3848 3  17
 time t = 2.15556541811e-007
 6992843.28438 0 -1 10000 3  0
 400.15205173 0 0 41148.3848 3  13
 147463448.16 0 0 41148.3848 3  14
 time t = 2.16056541811e-007
 6992843.28438 0 -1 10000 3  0
 614.39493218 0 0 41148.3848 3  13
 957.928136431 0 0 41148.3848 3  14
 147241435.031 0 0 41148.3848 3  15
 time t = 2.16556541811e-007
 6992843.28438 0 -1 10000 3  0
 147022007.361 0 0 41148.3848 3  15
 4.88993652832 0 0 41148.3848 3  16
 time t = 2.17056541811e-007
 6992843.28438 0 -1 10000 3  0
 146800831.452 0 0 41148.3848 3  15
 34.1737630777 0 0 41148.3848 3  17
 time t = 2.17556541811e-007
 6992843.28438 0 -1 10000 3  0
 92.8405692164 0 0 41148.3848 3  14
 411.108258886 0 0 41148.3848 3  15
 146579065.861 0 0 41148.3848 3  16
 time t = 2.18056541811e-007
 6992843.28438 0 -1 10000 3  0
 1323.53009251 0 0 41148.3848 3  14
 146356548.867 0 0 41148.3848 3  15
 253.279360608 0 0 41148.3848 3  16
 time t = 2.18556541811e-007
 6992843.28438 0 -1 10000 3  0
 851.405404499 0 0 41148.3848 3  13
 146135309.272 0 0 41148.3848 3  14
 374.52414691 0 0 41148.3848 3  15
 time t = 2.19056541811e-007
 6992843.28438 0 -1 10000 3  0
 203.632511715 0 0 41148.3848 3  14
 753.333657169 0 0 41148.3848 3  16
 145913843.098 0 0 41148.3848 3  17
 time t = 2.19556541811e-007
 6992843.28438 0 -1 10000 3  0
 23.2307337793 0 0 41148.3848 3  14
 145692898.698 0 0 41148.3848 3  15
 time t = 2.20056541811e-007
 6992843.28438 0 -1 10000 3  0
 1202.75602008 0 0 41148.3848 3  13
 145464631.092 0 0 41148.3848 3  14
 5068.66333946 0 0 41148.3848 3  16
 time t = 2.20556541811e-007
 6992843.28438 0 -1 10000 3  0
 145246534.06 0 0 41148.3848 3  15
 1983.46383025 0 0 41148.3848 3  16
 225.922570891 0 0 41148.3848 3  17
 time t = 2.21056541811e-007
 6992843.28438 0 -1 10000 3  0
 248.379113783 0 0 41148.3848 3  14
 47.602589705 0 0 41148.3848 3  15
 145026150.442 0 0 41148.3848 3  16
 time t = 2.21556541811e-007
 6992843.28438 0 -1 10000 3  0
 63.8487489936 0 0 41148.3848 3  13
 6.11795458337 0 0 41148.3848 3  14
 144803943.148 0 0 41148.3848 3  16
 time t = 2.22056541811e-007
 6992843.28438 0 -1 10000 3  0
 144404045.764 0 0 41148.3848 3  14
 176537.866616 0 0 41148.3848 3  15
 861.560444908 0 0 41148.3848 3  16
 time t = 2.22556541811e-007
 6992843.28438 0 -1 10000 3  0
 57.561457329 0 0 41148.3848 3  15
 334.929944205 0 0 41148.3848 3  16
 144358351.834 0 0 41148.3848 3  17
 time t = 2.23056541811e-007
 6992843.28438 0 -1 10000 3  0
 1255.40356857 0 0 41148.3848 3  14
 144134653.172 0 0 41148.3848 3  15
 3.60881323458 0 0 41148.3848 3  16
 time t = 2.23556541811e-007
 6992843.28438 0 -1 10000 3  0
 143912864.775 0 0 41148.3848 3  14
 81.0446084411 0 0 41148.3848 3  15
 4.61749070522 0 0 41148.3848 3  17
 time t = 2.24056541811e-007
 6992843.28438 0 -1 10000 3  0
 3435.32251541 0 0 41148.3848 3  15
 143686332.525 0 0 41148.3848 3  16
 92.9034595391 0 0 41148.3848 3  17
 time t = 2.24316081414e-007
 82262234.2008 0 -1 41148.3848 16  2
 231083489.087 0 -1 41148.3848 16  3
 35518642.9892 0 0 41148.3848 16  3
 time t = 2.24816081414e-007
 131488415.043 0 -1 41148.3848 16  2
 181857308.231 0 -1 41148.3848 16  3
 56684905.9869 0 0 41148.3848 16  3
 time t = 2.25316081414e-007
 374.172310076 0 -1 41148.3848 16  2
 313345004.502 0 -1 41148.3848 16  3
 55.2747468589 0 0 41148.3848 16  2
 105.780260692 0 0 41148.3848 16  3
 time t = 2.25687740248e-007
 6992843.28438 0 -1 10000 3  0
 137529473.937 0 0 41148.3848 3  15
 time t = 2.26187740248e-007
 6992843.28438 0 -1 10000 3  0
 137334514.941 0 0 41148.3848 3  16
 time t = 2.26687740248e-007
 6992843.28438 0 -1 10000 3  0
 137139342.563 0 0 41148.3848 3  15
 time t = 2.27187740248e-007
 6992843.28438 0 -1 10000 3  0
 136943958.499 0 0 41148.3848 3  14
 time t = 2.27687740248e-007
 6992843.28438 0 -1 10000 3  0
 136748364.445 0 0 41148.3848 3  13
 time t = 2.28187740248e-007
 6992843.28438 0 -1 10000 3  0
 136552562.097 0 0 41148.3848 3  16
 time t = 2.28687740248e-007
 6992843.28438 0 -1 10000 3  0
 136356553.151 0 0 41148.3848 3  15
 time t = 2.29187740248e-007
 6992843.28438 0 -1 10000 3  0
 136160339.302 0 0 41148.3848 3  14
 time t = 2.29687740248e-007
 6992843.28438 0 -1 10000 3  0
 135963922.245 0 0 41148.3848 3  15
 time t = 2.30187740248e-007
 6992843.28438 0 -1 10000 3  0
 135767303.676 0 0 41148.3848 3  15
 time t = 2.30687740248e-007
 6992843.28438 0 -1 10000 3  0
 135570485.289 0 0 41148.3848 3  17
 time t = 2.31187740248e-007
 6992843.28438 0 -1 10000 3  0
 135373468.778 0 0 41148.3848 3  16
 time t = 2.31687740248e-007
 6992843.28438 0 -1 10000 3  0
 135176255.839 0 0 41148.3848 3  16
 time t = 2.32187740248e-007
 6992843.28438 0 -1 10000 3  0
 134978848.163 0 0 41148.3848 3  14
 time t = 2.32687740248e-007
 6992843.28438 0 -1 10000 3  0
 134781247.446 0 0 41148.3848 3  15
 time t = 2.33187740248e-007
 6992843.28438 0 -1 10000 3  0
 134583455.379 0 0 41148.3848 3  15
 time t = 2.33687740248e-007
 6992843.28438 0 -1 10000 3  0
 134385473.655 0 0 41148.3848 3  17
 time t = 2.34187740248e-007
 6992843.28438 0 -1 10000 3  0
 134187303.966 0 0 41148.3848 3  16
 time t = 2.34687740248e-007
 6992843.28438 0 -1 10000 3  0
 133988948.004 0 0 41148.3848 3  15
 time t = 2.35187740248e-007
 6992843.28438 0 -1 10000 3  0
 133790407.46 0 0 41148.3848 3  14
 time t = 2.35687740248e-007
 6992843.28438 0 -1 10000 3  0
 133591684.023 0 0 41148.3848 3  14
 time t = 2.36187740248e-007
 6992843.28438 0 -1 10000 3  0
 133392779.385 0 0 41148.3848 3  16
 time t = 2.36687740248e-007
 6992843.28438 0 -1 10000 3  0
 133193695.235 0 0 41148.3848 3  17
 time t = 2.37187740248e-007
 6992843.28438 0 -1 10000 3  0
 132994433.26 0 0 41148.3848 3  16
 time t = 2.37687740248e-007
 6992843.28438 0 -1 10000 3  0
 132794995.151 0 0 41148.3848 3  16
 time t = 2.38187740248e-007
 6992843.28438 0 -1 10000 3  0
 132595382.593 0 0 41148.3848 3  14
 time t = 2.38687740248e-007
 6992843.28438 0 -1 10000 3  0
 132395597.274 0 0 41148.3848 3  14
 time t = 2.39187740248e-007
 6992843.28438 0 -1 10000 3  0
 132195640.88 0 0 41148.3848 3  17
 time t = 2.39687740248e-007
 6992843.28438 0 -1 10000 3  0
 131995515.097 0 0 41148.3848 3  15
