 time t = 0
 6992843.28438 0 -1 10000 2  0
 120112048.678 0 0 41143.3848 2  6
 168477418.041 0 0 41143.3848 2  9
 4534353.8544 0 0 41143.3848 2  10
 49353851.6256 0 0 41143.3848 2  17
 time t = 5e-010
 6992843.28438 0 -1 10000 2  0
 120112048.668 0 0 41143.3848 2  6
 168477418.058 0 0 41143.3848 2  9
 4534353.84602 0 0 41143.3848 2  10
 49353851.6292 0 0 41143.3848 2  17
 time t = 1e-009
 6992843.28438 0 -1 10000 2  0
 120112048.666 0 0 41143.3848 2  6
 168477418.049 0 0 41143.3848 2  9
 4534353.84662 0 0 41143.3848 2  10
 49353851.6398 0 0 41143.3848 2  17
 time t = 1.5e-009
 6992843.28438 0 -1 10000 2  0
 120112048.683 0 0 41143.3848 2  6
 168477418.029 0 0 41143.3848 2  9
 4534353.85589 0 0 41143.3848 2  10
 49353851.6297 0 0 41143.3848 2  17
 time t = 1.91359790802e-009
 103652613.006 0 -1 41148.0553529 6  2
 208723579.665 0 -1 41148.0553529 6  3
 110489533.461 0 0 41143.3848 6  3
 time t = 2.41359790802e-009
 103652613.004 0 -1 41148.0553529 6  2
 208723579.69 0 -1 41148.0553529 6  3
 110489533.459 0 0 41143.3848 6  3
 time t = 2.89573704665e-009
 6992843.28438 0 -1 10000 3  0
 284123289.71 0 0 41143.3848 3  13
 269527.370897 0 0 41143.3848 3  14
 7.21026829776 0 0 41143.3848 3  18
 4.92404911839 0 0 41143.3848 3  19
 time t = 3.39573704665e-009
 6992843.28438 0 -1 10000 3  0
 284416008.468 0 0 41143.3848 3  13
 3378.80525569 0 0 41143.3848 3  14
 6.62474751975 0 0 41143.3848 3  18
 5.51070361932 0 0 41143.3848 3  19
 time t = 3.89573704665e-009
 6992843.28438 0 -1 10000 3  0
 284228660.373 0 0 41143.3848 3  13
 217279.013838 0 0 41143.3848 3  14
 3.59647379909 0 0 41143.3848 3  18
 8.54011024841 0 0 41143.3848 3  19
 time t = 4.39573704665e-009
 6992843.28438 0 -1 10000 3  0
 254155.084728 0 0 41143.3848 3  13
 284218318.334 0 0 41143.3848 3  14
 5.07823119704 0 0 41143.3848 3  18
 7.05948506833 0 0 41143.3848 3  19
 time t = 4.89573704665e-009
 6992843.28438 0 -1 10000 3  0
 284498934.107 0 0 41143.3848 3  13
 55.2544390568 0 0 41143.3848 3  14
 8.91543537872 0 0 41143.3848 3  18
 3.2234121827 0 0 41143.3848 3  19
 time t = 5.39573704665e-009
 6992843.28438 0 -1 10000 3  0
 268953.633912 0 0 41143.3848 3  13
 284256533.576 0 0 41143.3848 3  14
 4.98732613216 0 0 41143.3848 3  18
 7.15265210202 0 0 41143.3848 3  19
 time t = 5.89573704665e-009
 6992843.28438 0 -1 10000 3  0
 284047267.591 0 0 41143.3848 3  13
 504699.368582 0 0 41143.3848 3  14
 6.42580459944 0 0 41143.3848 3  18
 5.71530344024 0 0 41143.3848 3  19
 time t = 6.31940065379e-009
 4912.59989504 0 -1 41148.3848 13  2
 313340451.276 0 -1 41148.3848 13  3
 4141.9948246 0 0 41143.3848 13  2
 time t = 6.81940065379e-009
 313204370.95 0 -1 41148.3848 13  2
 140992.963898 0 -1 41148.3848 13  3
 264098743.664 0 0 41143.3848 13  2
 time t = 7.31940065379e-009
 312974366.496 0 -1 41148.3848 13  2
 370997.374227 0 -1 41148.3848 13  3
 263929306.71 0 0 41143.3848 13  2
 time t = 7.81940065379e-009
 98669.384811 0 -1 41148.3848 13  2
 313246694.49 0 -1 41148.3848 13  3
 83214.9896816 0 0 41143.3848 13  2
 time t = 8.31940065379e-009
 313278363.257 0 -1 41148.3848 13  2
 67000.6205666 0 -1 41148.3848 13  3
 264234675.081 0 0 41143.3848 13  2
 time t = 8.81940065379e-009
 161786.302252 0 -1 41148.3848 13  2
 313183577.574 0 -1 41148.3848 13  3
 136471.319064 0 0 41143.3848 13  2
 time t = 9.31940065379e-009
 406167.154915 0 -1 41148.3848 13  2
 312939196.721 0 -1 41148.3848 13  3
 342645.19232 0 0 41143.3848 13  2
 time t = 9.81940065379e-009
 549370.638869 0 -1 41148.3848 13  2
 312795993.235 0 -1 41148.3848 13  3
 463495.430147 0 0 41143.3848 13  2
 time t = 1.03194006538e-008
 312860679.478 0 -1 41148.3848 13  2
 484684.403346 0 -1 41148.3848 13  3
 263980066.882 0 0 41143.3848 13  2
 time t = 1.08194006538e-008
 624660.53504 0 -1 41148.3848 13  2
 312720703.324 0 -1 41148.3848 13  3
 527113.727258 0 0 41143.3848 13  2
 time t = 1.13194006538e-008
 313026901.227 0 -1 41148.3848 13  2
 318462.678836 0 -1 41148.3848 13  3
 264169087.108 0 0 41143.3848 13  2
 time t = 1.18194006538e-008
 65921.3191788 0 -1 41148.3848 13  2
 313279442.557 0 -1 41148.3848 13  3
 55637.3283036 0 0 41143.3848 13  2
 time t = 1.23194006538e-008
 313319281.634 0 -1 41148.3848 13  2
 26082.2478615 0 -1 41148.3848 13  3
 264464578.918 0 0 41143.3848 13  2
 time t = 1.28194006538e-008
 313255263.874 0 -1 41148.3848 13  2
 90099.9929479 0 -1 41148.3848 13  3
 264434886.262 0 0 41143.3848 13  2
 time t = 1.33194006538e-008
 313345016.404 0 -1 41148.3848 13  2
 347.472108264 0 -1 41148.3848 13  3
 264534984.144 0 0 41143.3848 13  2
 time t = 1.35395986374e-008
 6992843.28438 0 -1 10000 2  0
 104094144.519 0 0 41143.3848 2  6
 146741401.423 0 0 41143.3848 2  9
 3955259.21856 0 0 41143.3848 2  10
 43152395.4283 0 0 41143.3848 2  17
 1.7110312739 0 0 41143.3848 2  18
 1.2988564727 0 0 41143.3848 2  19
 time t = 1.40395986374e-008
 6992843.28438 0 -1 10000 2  0
 104084230.542 0 0 41143.3848 2  6
 146727425.696 0 0 41143.3848 2  9
 3954882.53321 0 0 41143.3848 2  10
 43148285.5727 0 0 41143.3848 2  17
 1.5940923469 0 0 41143.3848 2  18
 1.41550865891 0 0 41143.3848 2  19
 time t = 1.45395986374e-008
 6992843.28438 0 -1 10000 2  0
 104074312.987 0 0 41143.3848 2  6
 146713444.933 0 0 41143.3848 2  9
 3954505.68725 0 0 41143.3848 2  10
 43144174.2365 0 0 41143.3848 2  17
 1.87167674351 0 0 41143.3848 2  18
 1.13763670188 0 0 41143.3848 2  19
 time t = 1.50395986374e-008
 6992843.28438 0 -1 10000 2  0
 104064391.849 0 0 41143.3848 2  6
 146699459.099 0 0 41143.3848 2  9
 3954128.73053 0 0 41143.3848 2  10
 43140061.4113 0 0 41143.3848 2  17
 1.55041186884 0 0 41143.3848 2  18
 1.45861428494 0 0 41143.3848 2  19
 time t = 1.55395986374e-008
 6992843.28438 0 -1 10000 2  0
 104054467.129 0 0 41143.3848 2  6
 146685468.257 0 0 41143.3848 2  9
 3953751.59801 0 0 41143.3848 2  10
 43135947.1017 0 0 41143.3848 2  17
 2.37777536391 0 0 41143.3848 2  18
 time t = 1.60395986374e-008
 6992843.28438 0 -1 10000 2  0
 104044538.83 0 0 41143.3848 2  6
 146671472.338 0 0 41143.3848 2  9
 3953374.35297 0 0 41143.3848 2  10
 43131831.3089 0 0 41143.3848 2  17
 2.62710886164 0 0 41143.3848 2  18
 time t = 1.65395986374e-008
 6992843.28438 0 -1 10000 2  0
 104034606.952 0 0 41143.3848 2  6
 146657471.38 0 0 41143.3848 2  9
 3952996.97444 0 0 41143.3848 2  10
 43127714.0297 0 0 41143.3848 2  17
 1.85756568503 0 0 41143.3848 2  18
 1.15059948585 0 0 41143.3848 2  19
 time t = 1.70395986374e-008
 6992843.28438 0 -1 10000 2  0
 104024671.491 0 0 41143.3848 2  6
 146643465.372 0 0 41143.3848 2  9
 3952619.45825 0 0 41143.3848 2  10
 43123595.2704 0 0 41143.3848 2  17
 1.87641980854 0 0 41143.3848 2  18
 1.13145899599 0 0 41143.3848 2  19
 time t = 1.75395986374e-008
 6992843.28438 0 -1 10000 2  0
 104014732.458 0 0 41143.3848 2  6
 146629454.332 0 0 41143.3848 2  9
 3952241.80395 0 0 41143.3848 2  10
 43119475.0254 0 0 41143.3848 2  17
 2.11513370619 0 0 41143.3848 2  18
 time t = 1.80395986374e-008
 6992843.28438 0 -1 10000 2  0
 104004789.847 0 0 41143.3848 2  6
 146615438.238 0 0 41143.3848 2  9
 3951864.01995 0 0 41143.3848 2  10
 43115353.3038 0 0 41143.3848 2  17
 1.65714661431 0 0 41143.3848 2  18
 1.3501570349 0 0 41143.3848 2  19
 time t = 1.85395986374e-008
 6992843.28438 0 -1 10000 2  0
 103994843.664 0 0 41143.3848 2  6
 146601417.122 0 0 41143.3848 2  9
 3951486.09916 0 0 41143.3848 2  10
 43111230.0897 0 0 41143.3848 2  17
 1.93874900989 0 0 41143.3848 2  18
 1.06826699524 0 0 41143.3848 2  19
 time t = 1.90395986374e-008
 6992843.28438 0 -1 10000 2  0
 103984893.905 0 0 41143.3848 2  6
 146587390.945 0 0 41143.3848 2  9
 3951108.03607 0 0 41143.3848 2  10
 43107105.4132 0 0 41143.3848 2  17
 1.30056344015 0 0 41143.3848 2  18
 1.70616483903 0 0 41143.3848 2  19
 time t = 1.93208026055e-008
 103652613.391 0 -1 41148.0553529 6  2
 208723578.082 0 -1 41148.0553529 6  3
 96184150.7261 0 0 41143.3848 6  3
 time t = 1.98208026055e-008
 103652613.389 0 -1 41148.0553529 6  2
 208723578.104 0 -1 41148.0553529 6  3
 96174941.7297 0 0 41143.3848 6  3
 time t = 2.03208026055e-008
 103652613.39 0 -1 41148.0553529 6  2
 208723578.115 0 -1 41148.0553529 6  3
 96165729.4209 0 0 41143.3848 6  3
 time t = 2.08208026055e-008
 103652613.391 0 -1 41148.0553529 6  2
 208723578.102 0 -1 41148.0553529 6  3
 96156513.8107 0 0 41143.3848 6  3
 time t = 2.08883105423e-008
 6992843.28438 0 -1 10000 3  0
 3041.24108524 0 0 41143.3848 3  13
 277688959.339 0 0 41143.3848 3  14
 5.24800181892 0 0 41143.3848 3  18
 1.89227411385 0 0 41143.3848 3  19
 time t = 2.13883105423e-008
 6992843.28438 0 -1 10000 3  0
 277653720.883 0 0 41143.3848 3  13
 11654.6333136 0 0 41143.3848 3  14
 5.19631855162 0 0 41143.3848 3  18
 1.94327278032 0 0 41143.3848 3  19
 time t = 2.16324799335e-008
 313344511.5 0 -1 41148.3848 13  2
 858.269736415 0 -1 41148.3848 13  3
 257989128.135 0 0 41143.3848 13  2
 time t = 2.21324799335e-008
 313345025.557 0 -1 41148.3848 13  2
 344.209735733 0 -1 41148.3848 13  3
 257964798.676 0 0 41143.3848 13  2
 time t = 2.26324799335e-008
 28286.8706389 0 -1 41148.3848 13  2
 313317082.898 0 -1 41148.3848 13  3
 23285.2474498 0 0 41143.3848 13  2
 time t = 2.31324799335e-008
 313341007.954 0 -1 41148.3848 13  2
 4361.81601025 0 -1 41148.3848 13  3
 257911959.836 0 0 41143.3848 13  2
 time t = 2.36324799335e-008
 313345190.596 0 -1 41148.3848 13  2
 179.169628112 0 -1 41148.3848 13  3
 257890623.333 0 0 41143.3848 13  2
 time t = 2.41324799335e-008
 3252.54122263 0 -1 41148.3848 13  2
 313342117.226 0 -1 41148.3848 13  3
 2676.6622832 0 0 41143.3848 13  2
 time t = 2.46324799335e-008
 313075929.463 0 -1 41148.3848 13  2
 269440.303085 0 -1 41148.3848 13  3
 257619472.55 0 0 41143.3848 13  2
 time t = 2.51324799335e-008
 312912643.579 0 -1 41148.3848 13  2
 432726.185058 0 -1 41148.3848 13  3
 257460338.671 0 0 41143.3848 13  2
 time t = 2.56324799335e-008
 313329033.058 0 -1 41148.3848 13  2
 16336.7090588 0 -1 41148.3848 13  3
 257778125.062 0 0 41143.3848 13  2
 time t = 2.61324799335e-008
 240.46521884 0 -1 41148.3848 13  2
 313345129.302 0 -1 41148.3848 13  3
 197.813455378 0 0 41143.3848 13  2
 time t = 2.62816926697e-008
 6992843.28438 0 -1 10000 3  0
 831027.028275 0 0 41143.3848 3  13
 241553758.576 0 0 41143.3848 3  14
 8.60328417682 0 0 41143.3848 3  18
 9.49750306098 0 0 41143.3848 3  19
 time t = 2.67816926697e-008
 6992843.28438 0 -1 10000 3  0
 1645898.77399 0 0 41143.3848 3  13
 240690951.698 0 0 41143.3848 3  14
 9.90752763129 0 0 41143.3848 3  18
 8.18967995378 0 0 41143.3848 3  19
 time t = 2.72816926697e-008
 6992843.28438 0 -1 10000 3  0
 504337.106952 0 0 41143.3848 3  13
 241784557.287 0 0 41143.3848 3  14
 8.44629048436 0 0 41143.3848 3  18
 9.64733571464 0 0 41143.3848 3  19
 time t = 2.77816926697e-008
 6992843.28438 0 -1 10000 3  0
 518833.953018 0 0 41143.3848 3  13
 241722083.434 0 0 41143.3848 3  14
 9.02811842776 0 0 41143.3848 3  18
 9.06192492741 0 0 41143.3848 3  19
 time t = 2.82816926697e-008
 6992843.28438 0 -1 10000 3  0
 241438620.937 0 0 41143.3848 3  13
 754298.528477 0 0 41143.3848 3  14
 12.8263576761 0 0 41143.3848 3  18
 5.26010138578 0 0 41143.3848 3  19
 time t = 2.87816926697e-008
 6992843.28438 0 -1 10000 3  0
 242110427.301 0 0 41143.3848 3  13
 34473.3449391 0 0 41143.3848 3  14
 10.5227161184 0 0 41143.3848 3  18
 7.56015693661 0 0 41143.3848 3  19
 time t = 2.92816926697e-008
 6992843.28438 0 -1 10000 3  0
 2502.6678296 0 0 41143.3848 3  13
 242094358.278 0 0 41143.3848 3  14
 5.29910637087 0 0 41143.3848 3  18
 12.7801791781 0 0 41143.3848 3  19
 time t = 2.93040133352e-008
 313318191.752 0 -1 41148.3848 14  2
 27161.2081375 0 -1 41148.3848 14  3
 225970823.813 0 0 41143.3848 14  2
 time t = 2.98040133352e-008
 313338435.731 0 -1 41148.3848 14  2
 6917.23498214 0 -1 41148.3848 14  3
 225940560.717 0 0 41143.3848 14  2
 time t = 3.03040133352e-008
 312840727.559 0 -1 41148.3848 14  2
 504625.405711 0 -1 41148.3848 14  3
 225536864.128 0 0 41143.3848 14  2
 time t = 3.07483445838e-008
 6992843.28438 0 -1 10000 2  0
 86358467.0603 0 0 41143.3848 2  6
 122453698.94 0 0 41143.3848 2  9
 3306401.70556 0 0 41143.3848 2  10
 36173417.4371 0 0 41143.3848 2  17
 1.66367778434 0 0 41143.3848 2  18
 time t = 3.08497334508e-008
 103652613.345 0 -1 41148.0553529 6  2
 208723578.267 0 -1 41148.0553529 6  3
 80404608.6012 0 0 41143.3848 6  3
 time t = 3.13497334508e-008
 103652613.336 0 -1 41148.0553529 6  2
 208723578.29 0 -1 41148.0553529 6  3
 80390470.0691 0 0 41143.3848 6  3
 time t = 3.18497334508e-008
 103652613.347 0 -1 41148.0553529 6  2
 208723578.266 0 -1 41148.0553529 6  3
 80376330.9052 0 0 41143.3848 6  3
 time t = 3.23497334508e-008
 103652613.354 0 -1 41148.0553529 6  2
 208723578.244 0 -1 41148.0553529 6  3
 80362191.1396 0 0 41143.3848 6  3
 time t = 3.28497334508e-008
 103652613.336 0 -1 41148.0553529 6  2
 208723578.272 0 -1 41148.0553529 6  3
 80348050.7792 0 0 41143.3848 6  3
 time t = 3.33497334508e-008
 103652613.354 0 -1 41148.0553529 6  2
 208723578.267 0 -1 41148.0553529 6  3
 80333909.7817 0 0 41143.3848 6  3
 time t = 3.38497334508e-008
 103652613.344 0 -1 41148.0553529 6  2
 208723578.234 0 -1 41148.0553529 6  3
 80319768.2093 0 0 41143.3848 6  3
 time t = 3.43497334508e-008
 103652613.357 0 -1 41148.0553529 6  2
 208723578.246 0 -1 41148.0553529 6  3
 80305625.9979 0 0 41143.3848 6  3
 time t = 3.46544535311e-008
 6992843.28438 0 -1 10000 3  0
 225836035.729 0 0 41143.3848 3  13
 204859.447059 0 0 41143.3848 3  14
 8.15636375641 0 0 41143.3848 3  18
 13.3052308926 0 0 41143.3848 3  19
 time t = 3.51544535311e-008
 6992843.28438 0 -1 10000 3  0
 100116.904944 0 0 41143.3848 3  13
 225867409.478 0 0 41143.3848 3  14
 10.1937642277 0 0 41143.3848 3  18
 11.2608644115 0 0 41143.3848 3  19
 time t = 3.56544535311e-008
 6992843.28438 0 -1 10000 3  0
 224048610.78 0 0 41143.3848 3  13
 1845534.66494 0 0 41143.3848 3  14
 12.6504366831 0 0 41143.3848 3  18
 8.79722288081 0 0 41143.3848 3  19
 time t = 3.61544535311e-008
 6992843.28438 0 -1 10000 3  0
 29587582.7872 0 0 41143.3848 3  13
 196233169.597 0 0 41143.3848 3  14
 11.8530507345 0 0 41143.3848 3  18
 9.58764222298 0 0 41143.3848 3  19
 time t = 3.66544535311e-008
 6992843.28438 0 -1 10000 3  0
 214021860.59 0 0 41143.3848 3  13
 11725486.6445 0 0 41143.3848 3  14
 9.29643838807 0 0 41143.3848 3  18
 12.1372851691 0 0 41143.3848 3  19
 time t = 3.71544535311e-008
 6992843.28438 0 -1 10000 3  0
 156726579.337 0 0 41143.3848 3  13
 68947350.6807 0 0 41143.3848 3  14
 7.98992228124 0 0 41143.3848 3  18
 13.4368306651 0 0 41143.3848 3  19
 time t = 3.76544535311e-008
 6992843.28438 0 -1 10000 3  0
 6625817.98938 0 0 41143.3848 3  13
 218974682.777 0 0 41143.3848 3  14
 10.271932998 0 0 41143.3848 3  18
 11.1478487396 0 0 41143.3848 3  19
 time t = 3.81544535311e-008
 6992843.28438 0 -1 10000 3  0
 138098972.971 0 0 41143.3848 3  13
 87428086.5348 0 0 41143.3848 3  14
 12.017780032 0 0 41143.3848 3  18
 9.39502862474 0 0 41143.3848 3  19
 time t = 3.86544535311e-008
 6992843.28438 0 -1 10000 3  0
 225396482.75 0 0 41143.3848 3  13
 57123.5093429 0 0 41143.3848 3  14
 10.7204058852 0 0 41143.3848 3  18
 10.6854282796 0 0 41143.3848 3  19
 time t = 3.91544535311e-008
 6992843.28438 0 -1 10000 3  0
 225370925.492 0 0 41143.3848 3  13
 9215.56870226 0 0 41143.3848 3  14
 10.4904817298 0 0 41143.3848 3  18
 10.9083772206 0 0 41143.3848 3  19
 time t = 3.96544535311e-008
 6992843.28438 0 -1 10000 3  0
 146108.917728 0 0 41143.3848 3  13
 225160555.014 0 0 41143.3848 3  14
 8.79294605874 0 0 41143.3848 3  18
 12.5989365868 0 0 41143.3848 3  19
 time t = 4.01544535311e-008
 6992843.28438 0 -1 10000 3  0
 225214640.704 0 0 41143.3848 3  13
 18534.1997869 0 0 41143.3848 3  14
 13.4316423601 0 0 41143.3848 3  18
 7.95326282302 0 0 41143.3848 3  19
 time t = 4.06544535311e-008
 6992843.28438 0 -1 10000 3  0
 9817.43825419 0 0 41143.3848 3  13
 225149856.563 0 0 41143.3848 3  14
 10.8614849474 0 0 41143.3848 3  18
 10.5164416257 0 0 41143.3848 3  19
 time t = 4.11544535311e-008
 6992843.28438 0 -1 10000 3  0
 20569.6880319 0 0 41143.3848 3  13
 225065591.565 0 0 41143.3848 3  14
 9.30298633339 0 0 41143.3848 3  18
 12.0679605314 0 0 41143.3848 3  19
 time t = 4.16544535311e-008
 6992843.28438 0 -1 10000 3  0
 41606.8166669 0 0 41143.3848 3  13
 224971029.87 0 0 41143.3848 3  14
 11.3246229187 0 0 41143.3848 3  18
 10.0393431032 0 0 41143.3848 3  19
 time t = 4.21544535311e-008
 6992843.28438 0 -1 10000 3  0
 380589.80103 0 0 41143.3848 3  13
 224558510.527 0 0 41143.3848 3  14
 10.0760303743 0 0 41143.3848 3  18
 11.2809537126 0 0 41143.3848 3  19
 time t = 4.26544535311e-008
 6992843.28438 0 -1 10000 3  0
 372006.722691 0 0 41143.3848 3  13
 224493545.482 0 0 41143.3848 3  14
 10.1556235083 0 0 41143.3848 3  18
 11.1943774519 0 0 41143.3848 3  19
 time t = 4.31544535311e-008
 6992843.28438 0 -1 10000 3  0
 224673986.928 0 0 41143.3848 3  13
 118005.417031 0 0 41143.3848 3  14
 9.97733471949 0 0 41143.3848 3  18
 11.3656820739 0 0 41143.3848 3  19
 time t = 4.36544535311e-008
 6992843.28438 0 -1 10000 3  0
 409425.689042 0 0 41143.3848 3  13
 224308995.086 0 0 41143.3848 3  14
 13.3371024726 0 0 41143.3848 3  18
 7.99892898392 0 0 41143.3848 3  19
 time t = 4.41544535311e-008
 6992843.28438 0 -1 10000 3  0
 224595146.937 0 0 41143.3848 3  13
 49690.5857617 0 0 41143.3848 3  14
 11.3407031043 0 0 41143.3848 3  18
 9.988342002 0 0 41143.3848 3  19
 time t = 4.46544535311e-008
 6992843.28438 0 -1 10000 3  0
 224524558.675 0 0 41143.3848 3  13
 46683.94025 0 0 41143.3848 3  14
 10.57376058 0 0 41143.3848 3  18
 10.7482970197 0 0 41143.3848 3  19
 time t = 4.51544535311e-008
 6992843.28438 0 -1 10000 3  0
 5182563.43714 0 0 41143.3848 3  13
 219315072.641 0 0 41143.3848 3  14
 11.1577725342 0 0 41143.3848 3  18
 10.1572964641 0 0 41143.3848 3  19
 time t = 4.56544535311e-008
 6992843.28438 0 -1 10000 3  0
 2648873.20839 0 0 41143.3848 3  13
 221775144.733 0 0 41143.3848 3  14
 11.8675291308 0 0 41143.3848 3  18
 9.44055011833 0 0 41143.3848 3  19
 time t = 4.61544535311e-008
 6992843.28438 0 -1 10000 3  0
 214769.437721 0 0 41143.3848 3  13
 224135618.793 0 0 41143.3848 3  14
 9.28861709603 0 0 41143.3848 3  18
 12.0124719265 0 0 41143.3848 3  19
 time t = 4.66544535311e-008
 6992843.28438 0 -1 10000 3  0
 184159083.752 0 0 41143.3848 3  13
 40117663.2224 0 0 41143.3848 3  14
 10.4892075261 0 0 41143.3848 3  18
 10.8048892814 0 0 41143.3848 3  19
 time t = 4.71544535311e-008
 6992843.28438 0 -1 10000 3  0
 111926.212647 0 0 41143.3848 3  13
 224091167.986 0 0 41143.3848 3  14
 10.7456168309 0 0 41143.3848 3  18
 10.5414866855 0 0 41143.3848 3  19
 time t = 4.76544535311e-008
 6992843.28438 0 -1 10000 3  0
 838.41403225 0 0 41143.3848 3  13
 224128591.516 0 0 41143.3848 3  14
 9.21443989027 0 0 41143.3848 3  18
 12.0656695155 0 0 41143.3848 3  19
 time t = 4.81544535311e-008
 6992843.28438 0 -1 10000 3  0
 15223192.1204 0 0 41143.3848 3  13
 208832562.077 0 0 41143.3848 3  14
 11.1754719391 0 0 41143.3848 3  18
 10.0976418446 0 0 41143.3848 3  19
 time t = 4.86544535311e-008
 6992843.28438 0 -1 10000 3  0
 223845970.53 0 0 41143.3848 3  13
 136096.498526 0 0 41143.3848 3  14
 9.1314065201 0 0 41143.3848 3  18
 12.1347112967 0 0 41143.3848 3  19
 time t = 4.91544535311e-008
 6992843.28438 0 -1 10000 3  0
 159893965.546 0 0 41143.3848 3  13
 64014402.901 0 0 41143.3848 3  14
 9.92434645971 0 0 41143.3848 3  18
 11.3347738142 0 0 41143.3848 3  19
 time t = 4.96544535311e-008
 6992843.28438 0 -1 10000 3  0
 93792847.2796 0 0 41143.3848 3  13
 130041811.205 0 0 41143.3848 3  14
 9.38008720729 0 0 41143.3848 3  18
 11.8720351175 0 0 41143.3848 3  19
 time t = 4.96990883066e-008
 313020053.349 0 -1 41148.3848 14  2
 325292.730552 0 -1 41148.3848 14  3
 209176887.188 0 0 41143.3848 14  2
 time t = 5.01990883066e-008
 228036572.173 0 -1 41148.3848 14  2
 85308773.9061 0 -1 41148.3848 14  3
 152336148.635 0 0 41143.3848 14  2
 time t = 5.06990883066e-008
 313268277.525 0 -1 41148.3848 14  2
 77068.5360172 0 -1 41148.3848 14  3
 209204850.782 0 0 41143.3848 14  2
 time t = 5.10959433564e-008
 6992843.28438 0 -1 10000 2  0
 82716788.5251 0 0 41143.3848 2  6
 117400795.145 0 0 41143.3848 2  9
 3170867.00367 0 0 41143.3848 2  10
 34706189.4671 0 0 41143.3848 2  17
 4.13566355493 0 0 41143.3848 2  18
 4.80181621676 0 0 41143.3848 2  19
 time t = 5.15046935007e-008
 156671185.916 0 -1 41148.23871 9  2
 156671185.911 0 -1 41148.23871 9  3
 109626380.644 0 0 41143.3848 9  3
 time t = 5.20046935007e-008
 156671185.896 0 -1 41148.23871 9  2
 156671185.901 0 -1 41148.23871 9  3
 109590209.954 0 0 41143.3848 9  3
 time t = 5.25046935007e-008
 156671185.92 0 -1 41148.23871 9  2
 156671185.872 0 -1 41148.23871 9  3
 109554033.748 0 0 41143.3848 9  3
 time t = 5.30046935007e-008
 156671185.912 0 -1 41148.23871 9  2
 156671185.892 0 -1 41148.23871 9  3
 109517852.085 0 0 41143.3848 9  3
 time t = 5.35046935007e-008
 156671185.89 0 -1 41148.23871 9  2
 156671185.903 0 -1 41148.23871 9  3
 109481664.934 0 0 41143.3848 9  3
 time t = 5.40046935007e-008
 156671185.891 0 -1 41148.23871 9  2
 156671185.889 0 -1 41148.23871 9  3
 109445472.304 0 0 41143.3848 9  3
 time t = 5.45046935007e-008
 156671185.889 0 -1 41148.23871 9  2
 156671185.908 0 -1 41148.23871 9  3
 109409274.241 0 0 41143.3848 9  3
 time t = 5.50046935007e-008
 156671185.897 0 -1 41148.23871 9  2
 156671185.875 0 -1 41148.23871 9  3
 109373070.702 0 0 41143.3848 9  3
 time t = 5.51232188978e-008
 6992843.28438 0 -1 10000 3  0
 1439.58884606 0 0 41143.3848 3  13
 223026278.438 0 0 41143.3848 3  14
 12.2865713793 0 0 41143.3848 3  18
 8.88893530851 0 0 41143.3848 3  19
 time t = 5.56232188978e-008
 6992843.28438 0 -1 10000 3  0
 222476721.488 0 0 41143.3848 3  13
 477152.790984 0 0 41143.3848 3  14
 9.94953837634 0 0 41143.3848 3  18
 11.2189571594 0 0 41143.3848 3  19
 time t = 5.61232188978e-008
 6992843.28438 0 -1 10000 3  0
 222702359.225 0 0 41143.3848 3  13
 177660.27382 0 0 41143.3848 3  14
 10.7221157963 0 0 41143.3848 3  18
 10.4393675531 0 0 41143.3848 3  19
 time t = 5.66232188978e-008
 6992843.28438 0 -1 10000 3  0
 221904225.626 0 0 41143.3848 3  13
 901928.089937 0 0 41143.3848 3  14
 11.9919524121 0 0 41143.3848 3  18
 9.16251779973 0 0 41143.3848 3  19
 time t = 5.71232188978e-008
 6992843.28438 0 -1 10000 3  0
 75374.0103914 0 0 41143.3848 3  13
 222656902.944 0 0 41143.3848 3  14
 10.781342167 0 0 41143.3848 3  18
 10.3661136338 0 0 41143.3848 3  19
 time t = 5.76232188978e-008
 6992843.28438 0 -1 10000 3  0
 222564376.106 0 0 41143.3848 3  13
 94013.1379208 0 0 41143.3848 3  14
 12.3590093875 0 0 41143.3848 3  18
 8.78143113851 0 0 41143.3848 3  19
 time t = 5.81232188978e-008
 6992843.28438 0 -1 10000 3  0
 67336.4844189 0 0 41143.3848 3  13
 222517154.126 0 0 41143.3848 3  14
 11.2707264165 0 0 41143.3848 3  18
 9.86269772992 0 0 41143.3848 3  19
 time t = 5.86232188978e-008
 6992843.28438 0 -1 10000 3  0
 222499690.744 0 0 41143.3848 3  13
 10890.338025 0 0 41143.3848 3  14
 10.1970491454 0 0 41143.3848 3  18
 10.9293576408 0 0 41143.3848 3  19
 time t = 5.91232188978e-008
 6992843.28438 0 -1 10000 3  0
 222433123.774 0 0 41143.3848 3  13
 3536.91049786 0 0 41143.3848 3  14
 7.4456274704 0 0 41143.3848 3  18
 13.6737608989 0 0 41143.3848 3  19
 time t = 5.92615889745e-008
 313339258.011 0 -1 41148.3848 13  2
 6088.06762346 0 -1 41148.3848 13  3
 208069393.224 0 0 41143.3848 13  2
 time t = 5.97615889745e-008
 311540226.515 0 -1 41148.3848 13  2
 1805119.56078 0 -1 41148.3848 13  3
 206805998.645 0 0 41143.3848 13  2
 time t = 6.02615889745e-008
 190468519.447 0 -1 41148.3848 13  2
 122876826.645 0 -1 41148.3848 13  3
 126394375.306 0 0 41143.3848 13  2
 time t = 6.04699751961e-008
 6992843.28438 0 -1 10000 2  0
 82204635.2448 0 0 41143.3848 2  6
 116673890.692 0 0 41143.3848 2  9
 3151234.10691 0 0 41143.3848 2  10
 34491300.9387 0 0 41143.3848 2  17
 3.32022462406 0 0 41143.3848 2  18
 5.56191825886 0 0 41143.3848 2  19
 time t = 6.05975535383e-008
 48699017.106 0 -1 41148.3888924 17  2
 250837584.593 0 -1 41148.3888924 17  3
 32265746.7618 0 0 41143.3848 17  3
 time t = 6.10975535383e-008
 48699017.1023 0 -1 41148.3888924 17  2
 250837584.04 0 -1 41148.3888924 17  3
 32255007.3402 0 0 41143.3848 17  3
 time t = 6.15975535383e-008
 48699017.1117 0 -1 41148.3888924 17  2
 250837583.934 0 -1 41148.3888924 17  3
 32244266.4543 0 0 41143.3848 17  3
 time t = 6.17592136906e-008
 6992843.28438 0 -1 10000 2  0
 73280417.8589 0 0 41143.3848 2  6
 104358756.125 0 0 41143.3848 2  9
 2821474.23357 0 0 41143.3848 2  10
 30931556.1274 0 0 41143.3848 2  17
 8.47618615406 0 0 41143.3848 2  18
 9.62874329187 0 0 41143.3848 2  19
 time t = 6.22592136906e-008
 6992843.28438 0 -1 10000 2  0
 73240823.4334 0 0 41143.3848 2  6
 104302369.629 0 0 41143.3848 2  9
 2819949.7572 0 0 41143.3848 2  10
 30914843.3815 0 0 41143.3848 2  17
 8.27937522194 0 0 41143.3848 2  18
 9.81577104518 0 0 41143.3848 2  19
 time t = 6.234702963e-008
 156671177.01 0 -1 41148.23871 9  2
 156671176.999 0 -1 41148.23871 9  3
 97758799.0228 0 0 41143.3848 9  3
 time t = 6.284702963e-008
 156671177.009 0 -1 41148.23871 9  2
 156671177.029 0 -1 41148.23871 9  3
 97705937.2301 0 0 41143.3848 9  3
 time t = 6.29220546852e-008
 6992843.28438 0 -1 10000 3  0
 3179865.74698 0 0 41143.3848 3  13
 195856871.652 0 0 41143.3848 3  14
 22.1113323874 0 0 41143.3848 3  18
 20.8448066814 0 0 41143.3848 3  19
 time t = 6.34220546852e-008
 6992843.28438 0 -1 10000 3  0
 22122.2714432 0 0 41143.3848 3  13
 198906906.167 0 0 41143.3848 3  14
 23.758199834 0 0 41143.3848 3  18
 19.1746937563 0 0 41143.3848 3  19
 time t = 6.34346124312e-008
 621309.430463 0 -1 41148.3847999 14  2
 312723995.487 0 -1 41148.3847999 14  3
 370255.208742 0 0 41143.3848 14  2
 time t = 6.39346124312e-008
 309105888.177 0 -1 41148.3847999 14  2
 4239416.74192 0 -1 41148.3847999 14  3
 184104866.028 0 0 41143.3848 14  2
 time t = 6.44346124312e-008
 3550707.90802 0 -1 41148.3847999 14  2
 309794597.017 0 -1 41148.3847999 14  3
 2113671.7222 0 0 41143.3848 14  2
 time t = 6.49346124312e-008
 312157362.693 0 -1 41148.3847999 14  2
 1187942.24901 0 -1 41148.3847999 14  3
 185720830.482 0 0 41143.3848 14  2
 time t = 6.54346124312e-008
 63536.7612594 0 -1 41148.3847999 14  2
 313281768.158 0 -1 41148.3847999 14  3
 37781.2553801 0 0 41143.3848 14  2
 time t = 6.59346124312e-008
 27357.9303442 0 -1 41148.3847999 14  2
 313317946.987 0 -1 41148.3847999 14  3
 16259.1811275 0 0 41143.3848 14  2
 time t = 6.64346124312e-008
 469300.092229 0 -1 41148.3847999 14  2
 312876004.825 0 -1 41148.3847999 14  3
 278759.750022 0 0 41143.3848 14  2
 time t = 6.69346124312e-008
 313291396.729 0 -1 41148.3847999 14  2
 53908.1952108 0 -1 41148.3847999 14  3
 185990908.355 0 0 41143.3848 14  2
 time t = 6.74346124312e-008
 919360.169526 0 -1 41148.3847999 14  2
 312425944.75 0 -1 41148.3847999 14  3
 545497.283423 0 0 41143.3848 14  2
 time t = 6.79346124312e-008
 1355.04810713 0 -1 41148.3847999 14  2
 313343949.869 0 -1 41148.3847999 14  3
 803.571719304 0 0 41143.3848 14  2
 time t = 6.84346124312e-008
 297653811.435 0 -1 41148.3847999 14  2
 15691493.4781 0 -1 41148.3847999 14  3
 176418941.207 0 0 41143.3848 14  2
 time t = 6.89346124312e-008
 309870219.269 0 -1 41148.3847999 14  2
 3475085.40936 0 -1 41148.3847999 14  3
 183559470.152 0 0 41143.3848 14  2
 time t = 6.93477520118e-008
 6992843.28438 0 -1 10000 2  0
 72678969.7974 0 0 41143.3848 2  6
 103502233.01 0 0 41143.3848 2  9
 2798317.01915 0 0 41143.3848 2  10
 30677685.7902 0 0 41143.3848 2  17
 8.55215779832 0 0 41143.3848 2  18
 9.40417632341 0 0 41143.3848 2  19
 time t = 6.98477520118e-008
 6992843.28438 0 -1 10000 2  0
 72639303.2306 0 0 41143.3848 2  6
 103445743.786 0 0 41143.3848 2  9
 2796789.76241 0 0 41143.3848 2  10
 30660942.5897 0 0 41143.3848 2  17
 7.74905495319 0 0 41143.3848 2  18
 10.1974778887 0 0 41143.3848 2  19
 time t = 6.98940351937e-008
 103652616.17 0 -1 41148.0553529 6  2
 208723566.528 0 -1 41148.0553529 6  3
 67956782.3957 0 0 41143.3848 6  3
 time t = 7.03940351937e-008
 103652616.166 0 -1 41148.0553529 6  2
 208723566.498 0 -1 41148.0553529 6  3
 67919666.3702 0 0 41143.3848 6  3
 time t = 7.04225910567e-008
 6992843.28438 0 -1 10000 2  0
 64609174.6572 0 0 41143.3848 2  6
 92311033.5713 0 0 41143.3848 2  9
 2498206.34017 0 0 41143.3848 2  10
 27430349.1658 0 0 41143.3848 2  17
 7.15738271704 0 0 41143.3848 2  18
 9.16472385494 0 0 41143.3848 2  19
 time t = 7.09225910567e-008
 6992843.28438 0 -1 10000 2  0
 64573197.6139 0 0 41143.3848 2  6
 92259631.0033 0 0 41143.3848 2  9
 2496815.23925 0 0 41143.3848 2  10
 27415074.8138 0 0 41143.3848 2  17
 9.07123739177 0 0 41143.3848 2  18
 7.24178028988 0 0 41143.3848 2  19
 time t = 7.14225910567e-008
 6992843.28438 0 -1 10000 2  0
 64537217.08 0 0 41143.3848 2  6
 92208223.4303 0 0 41143.3848 2  9
 2495423.99883 0 0 41143.3848 2  10
 27399798.9903 0 0 41143.3848 2  17
 7.73319024813 0 0 41143.3848 2  18
 8.57073794179 0 0 41143.3848 2  19
 time t = 7.19225910567e-008
 6992843.28438 0 -1 10000 2  0
 64501233.076 0 0 41143.3848 2  6
 92156810.9079 0 0 41143.3848 2  9
 2494032.62744 0 0 41143.3848 2  10
 27384521.6874 0 0 41143.3848 2  17
 8.55188988444 0 0 41143.3848 2  18
 7.74294820397 0 0 41143.3848 2  19
 time t = 7.24225910567e-008
 6992843.28438 0 -1 10000 2  0
 64465245.6335 0 0 41143.3848 2  6
 92105393.4706 0 0 41143.3848 2  9
 2492641.11817 0 0 41143.3848 2  10
 27369242.9283 0 0 41143.3848 2  17
 7.40294581648 0 0 41143.3848 2  18
 8.88280104577 0 0 41143.3848 2  19
 time t = 7.29225910567e-008
 6992843.28438 0 -1 10000 2  0
 64429254.7775 0 0 41143.3848 2  6
 92053971.1578 0 0 41143.3848 2  9
 2491249.48736 0 0 41143.3848 2  10
 27353962.7183 0 0 41143.3848 2  17
 7.7328271335 0 0 41143.3848 2  18
 8.54382737926 0 0 41143.3848 2  19
 time t = 7.34225910567e-008
 6992843.28438 0 -1 10000 2  0
 64393260.5399 0 0 41143.3848 2  6
 92002544.0201 0 0 41143.3848 2  9
 2489857.71145 0 0 41143.3848 2  10
 27338681.0749 0 0 41143.3848 2  17
 8.0455496464 0 0 41143.3848 2  18
 8.22201079549 0 0 41143.3848 2  19
 time t = 7.39225910567e-008
 6992843.28438 0 -1 10000 2  0
 64357262.9486 0 0 41143.3848 2  6
 91951112.0906 0 0 41143.3848 2  9
 2488465.80418 0 0 41143.3848 2  10
 27323398.0047 0 0 41143.3848 2  17
 7.14754165753 0 0 41143.3848 2  18
 9.11092503181 0 0 41143.3848 2  19
 time t = 7.44225910567e-008
 6992843.28438 0 -1 10000 2  0
 64321262.0313 0 0 41143.3848 2  6
 91899675.3931 0 0 41143.3848 2  9
 2487073.78828 0 0 41143.3848 2  10
 27308113.5188 0 0 41143.3848 2  17
 8.66624659267 0 0 41143.3848 2  18
 7.58312591528 0 0 41143.3848 2  19
 time t = 7.49225910567e-008
 6992843.28438 0 -1 10000 2  0
 64285257.811 0 0 41143.3848 2  6
 91848233.9826 0 0 41143.3848 2  9
 2485681.64074 0 0 41143.3848 2  10
 27292827.6392 0 0 41143.3848 2  17
 7.48376283327 0 0 41143.3848 2  18
 8.75651325586 0 0 41143.3848 2  19
 time t = 7.50901432838e-008
 156671176.814 0 -1 41148.23871 9  2
 156671176.806 0 -1 41148.23871 9  3
 86375570.299 0 0 41143.3848 9  3
 time t = 7.52656130896e-008
 6992843.28438 0 -1 10000 3  0
 11515220.0088 0 0 41143.3848 3  13
 164248737.513 0 0 41143.3848 3  14
 19.3969645629 0 0 41143.3848 3  18
 19.1687188439 0 0 41143.3848 3  19
 time t = 7.57656130896e-008
 6992843.28438 0 -1 10000 3  0
 175044063.348 0 0 41143.3848 3  13
 621401.246575 0 0 41143.3848 3  14
 19.3492030696 0 0 41143.3848 3  18
 19.1948693891 0 0 41143.3848 3  19
 time t = 7.62656130896e-008
 6992843.28438 0 -1 10000 3  0
 157069236.045 0 0 41143.3848 3  13
 18497726.8073 0 0 41143.3848 3  14
 18.6264366307 0 0 41143.3848 3  18
 19.8960227343 0 0 41143.3848 3  19
 time t = 7.67656130896e-008
 6992843.28438 0 -1 10000 3  0
 175209125.977 0 0 41143.3848 3  13
 259326.393238 0 0 41143.3848 3  14
 20.5017174221 0 0 41143.3848 3  18
 17.9991270407 0 0 41143.3848 3  19
 time t = 7.72656130896e-008
 6992843.28438 0 -1 10000 3  0
 161666283.598 0 0 41143.3848 3  13
 13703649.6264 0 0 41143.3848 3  14
 17.3685608097 0 0 41143.3848 3  18
 21.1106670112 0 0 41143.3848 3  19
 time t = 7.77656130896e-008
 6992843.28438 0 -1 10000 3  0
 134516.194712 0 0 41143.3848 3  13
 175136889.299 0 0 41143.3848 3  14
 20.8043535965 0 0 41143.3848 3  18
 17.6532553145 0 0 41143.3848 3  19
 time t = 7.82656130896e-008
 6992843.28438 0 -1 10000 3  0
 689965.566747 0 0 41143.3848 3  13
 174482903.687 0 0 41143.3848 3  14
 19.4404659032 0 0 41143.3848 3  18
 18.9955224487 0 0 41143.3848 3  19
 time t = 7.87656130896e-008
 6992843.28438 0 -1 10000 3  0
 2666398.4569 0 0 41143.3848 3  13
 172407926.125 0 0 41143.3848 3  14
 19.056212896 0 0 41143.3848 3  18
 19.3581530367 0 0 41143.3848 3  19
 time t = 7.92656130896e-008
 6992843.28438 0 -1 10000 3  0
 163008342.273 0 0 41143.3848 3  13
 11967429.28 0 0 41143.3848 3  14
 20.3312378166 0 0 41143.3848 3  18
 18.0615038161 0 0 41143.3848 3  19
 time t = 7.97656130896e-008
 6992843.28438 0 -1 10000 3  0
 168963205.472 0 0 41143.3848 3  13
 5914004.77155 0 0 41143.3848 3  14
 20.1007006804 0 0 41143.3848 3  18
 18.2704147882 0 0 41143.3848 3  19
 time t = 8.02656130896e-008
 6992843.28438 0 -1 10000 3  0
 4014478.71028 0 0 41143.3848 3  13
 170764162.022 0 0 41143.3848 3  14
 20.1677621396 0 0 41143.3848 3  18
 18.1817254158 0 0 41143.3848 3  19
 time t = 8.07656130896e-008
 6992843.28438 0 -1 10000 3  0
 74121.1591143 0 0 41143.3848 3  13
 174605941.935 0 0 41143.3848 3  14
 18.7526679053 0 0 41143.3848 3  18
 19.5751901732 0 0 41143.3848 3  19
 time t = 8.12656130896e-008
 6992843.28438 0 -1 10000 3  0
 67542135.5023 0 0 41143.3848 3  13
 107039341.903 0 0 41143.3848 3  14
 20.3604274026 0 0 41143.3848 3  18
 17.945798798 0 0 41143.3848 3  19
 time t = 8.17656130896e-008
 6992843.28438 0 -1 10000 3  0
 866776.605822 0 0 41143.3848 3  13
 173616107.138 0 0 41143.3848 3  14
 20.2996096219 0 0 41143.3848 3  18
 17.9849838641 0 0 41143.3848 3  19
 time t = 8.22656130896e-008
 6992843.28438 0 -1 10000 3  0
 423796.460814 0 0 41143.3848 3  13
 173960485.724 0 0 41143.3848 3  14
 18.6653582617 0 0 41143.3848 3  18
 19.597600356 0 0 41143.3848 3  19
 time t = 8.27656130896e-008
 6992843.28438 0 -1 10000 3  0
 167280602.415 0 0 41143.3848 3  13
 7005070.3893 0 0 41143.3848 3  14
 19.3658462025 0 0 41143.3848 3  18
 18.8754759575 0 0 41143.3848 3  19
 time t = 8.32656130896e-008
 6992843.28438 0 -1 10000 3  0
 174164524.019 0 0 41143.3848 3  13
 22531.6603579 0 0 41143.3848 3  14
 18.4148869972 0 0 41143.3848 3  18
 19.8047966341 0 0 41143.3848 3  19
 time t = 8.37656130896e-008
 6992843.28438 0 -1 10000 3  0
 32436578.6187 0 0 41143.3848 3  13
 141651852.267 0 0 41143.3848 3  14
 18.8163983572 0 0 41143.3848 3  18
 19.3816448256 0 0 41143.3848 3  19
 time t = 8.42656130896e-008
 6992843.28438 0 -1 10000 3  0
 1544914.19565 0 0 41143.3848 3  13
 172444884.304 0 0 41143.3848 3  14
 20.11800262 0 0 41143.3848 3  18
 18.0583993284 0 0 41143.3848 3  19
 time t = 8.46582781537e-008
 823011.147605 0 -1 41148.3847999 14  2
 312522292.875 0 -1 41148.3847999 14  3
 430202.543282 0 0 41143.3848 14  2
 time t = 8.49853905378e-008
 6992843.28438 0 -1 10000 3  0
 156749528.622 0 0 41143.3848 3  13
 211433.850696 0 0 41143.3848 3  14
 18.1253622269 0 0 41143.3848 3  18
 17.6283379481 0 0 41143.3848 3  19
 time t = 8.54853905378e-008
 6992843.28438 0 -1 10000 3  0
 154850624.958 0 0 41143.3848 3  13
 2021419.95224 0 0 41143.3848 3  14
 18.7095201333 0 0 41143.3848 3  18
 17.0239258251 0 0 41143.3848 3  19
 time t = 8.59562828592e-008
 310085370.994 0 -1 41148.3847999 13  2
 3259930.51047 0 -1 41148.3847999 13  3
 146552283.573 0 0 41143.3848 13  2
 time t = 8.64562828592e-008
 312634136.89 0 -1 41148.3847999 13  2
 711164.602783 0 -1 41148.3847999 13  3
 147673067.534 0 0 41143.3848 13  2
 time t = 8.69562828592e-008
 313097449.326 0 -1 41148.3847999 13  2
 247852.139331 0 -1 41148.3847999 13  3
 147807969.731 0 0 41143.3848 13  2
 time t = 8.74562828592e-008
 237701.381178 0 -1 41148.3847999 13  2
 313107600.094 0 -1 41148.3847999 13  3
 112151.034344 0 0 41143.3848 13  2
 time t = 8.79562828592e-008
 2636.8299885 0 -1 41148.3847999 13  2
 313342664.647 0 -1 41148.3847999 13  3
 1243.38760639 0 0 41143.3848 13  2
 time t = 8.84562828592e-008
 185567.047014 0 -1 41148.3847999 13  2
 313159734.432 0 -1 41148.3847999 13  3
 87453.754989 0 0 41143.3848 13  2
 time t = 8.89562828592e-008
 313290337.506 0 -1 41148.3847999 13  2
 54963.9718109 0 -1 41148.3847999 13  3
 147562966.556 0 0 41143.3848 13  2
 time t = 8.94562828592e-008
 1062061.05737 0 -1 41148.3847999 13  2
 312283240.419 0 -1 41148.3847999 13  3
 499956.783617 0 0 41143.3848 13  2
 time t = 8.99562828592e-008
 313191464.727 0 -1 41148.3847999 13  2
 153836.769346 0 -1 41148.3847999 13  3
 147348371.357 0 0 41143.3848 13  2
 time t = 9.04562828592e-008
 312971915.341 0 -1 41148.3847999 13  2
 373386.140596 0 -1 41148.3847999 13  3
 147161113.98 0 0 41143.3848 13  2
 time t = 9.08959397482e-008
 6992843.28438 0 -1 10000 2  0
 56439328.5287 0 0 41143.3848 2  6
 80879002.172 0 0 41143.3848 2  9
 2190793.42313 0 0 41143.3848 2  10
 24089307.6203 0 0 41143.3848 2  17
 8.59005660515 0 0 41143.3848 2  18
 8.71433712103 0 0 41143.3848 2  19
 time t = 9.13959397482e-008
 6992843.28438 0 -1 10000 2  0
 56406397.6769 0 0 41143.3848 2  6
 80831811.4097 0 0 41143.3848 2  9
 2189515.15991 0 0 41143.3848 2  10
 24075252.1461 0 0 41143.3848 2  17
 8.83809774548 0 0 41143.3848 2  18
 8.45620014263 0 0 41143.3848 2  19
 time t = 9.18959397482e-008
 6992843.28438 0 -1 10000 2  0
 56373461.3238 0 0 41143.3848 2  6
 80784612.7775 0 0 41143.3848 2  9
 2188236.67453 0 0 41143.3848 2  10
 24061194.3273 0 0 41143.3848 2  17
 9.14347097575 0 0 41143.3848 2  18
 8.140728192 0 0 41143.3848 2  19
 time t = 9.23959397482e-008
 6992843.28438 0 -1 10000 2  0
 56340519.5072 0 0 41143.3848 2  6
 80737406.316 0 0 41143.3848 2  9
 2186957.97275 0 0 41143.3848 2  10
 24047134.1767 0 0 41143.3848 2  17
 7.99266001696 0 0 41143.3848 2  18
 9.28143857049 0 0 41143.3848 2  19
 time t = 9.28959397482e-008
 6992843.28438 0 -1 10000 2  0
 56307572.2577 0 0 41143.3848 2  6
 80690192.0592 0 0 41143.3848 2  9
 2185679.06887 0 0 41143.3848 2  10
 24033071.7069 0 0 41143.3848 2  17
 8.78681885036 0 0 41143.3848 2  18
 8.47717894614 0 0 41143.3848 2  19
 time t = 9.29742281744e-008
 103652616.855 0 -1 41148.0553529 6  2
 208723563.651 0 -1 41148.0553529 6  3
 53044321.2227 0 0 41143.3848 6  3
 time t = 9.29784477612e-008
 6992843.28438 0 -1 10000 3  0
 132975662.495 0 0 41143.3848 3  13
 7602134.24068 0 0 41143.3848 3  14
 29.2546449882 0 0 41143.3848 3  18
 29.2876631785 0 0 41143.3848 3  19
 time t = 9.34784477612e-008
 6992843.28438 0 -1 10000 3  0
 2469.6579505 0 0 41143.3848 3  13
 140466555.967 0 0 41143.3848 3  14
 29.7061504283 0 0 41143.3848 3  18
 28.7908608768 0 0 41143.3848 3  19
 time t = 9.39784477612e-008
 6992843.28438 0 -1 10000 3  0
 258679.980012 0 0 41143.3848 3  13
 140101562.309 0 0 41143.3848 3  14
 27.8202220876 0 0 41143.3848 3  18
 30.6314874117 0 0 41143.3848 3  19
 time t = 9.44784477612e-008
 6992843.28438 0 -1 10000 3  0
 139717777.503 0 0 41143.3848 3  13
 533669.382518 0 0 41143.3848 3  14
 30.7697498168 0 0 41143.3848 3  18
 27.6366527618 0 0 41143.3848 3  19
 time t = 9.49784477612e-008
 6992843.28438 0 -1 10000 3  0
 94251.6634575 0 0 41143.3848 3  13
 140048387.911 0 0 41143.3848 3  14
 30.0618842425 0 0 41143.3848 3  18
 28.2992066468 0 0 41143.3848 3  19
 time t = 9.54784477612e-008
 6992843.28438 0 -1 10000 3  0
 1222020.19693 0 0 41143.3848 3  13
 138811800.316 0 0 41143.3848 3  14
 29.0509612389 0 0 41143.3848 3  18
 29.2648129846 0 0 41143.3848 3  19
 time t = 9.59784477612e-008
 6992843.28438 0 -1 10000 3  0
 692978.937812 0 0 41143.3848 3  13
 139232010.924 0 0 41143.3848 3  14
 30.7437729001 0 0 41143.3848 3  18
 27.526679799 0 0 41143.3848 3  19
 time t = 9.64784477612e-008
 6992843.28438 0 -1 10000 3  0
 1962544.96192 0 0 41143.3848 3  13
 137853602.815 0 0 41143.3848 3  14
 30.2357152787 0 0 41143.3848 3  18
 27.9894111314 0 0 41143.3848 3  19
 time t = 9.69784477612e-008
 6992843.28438 0 -1 10000 3  0
 160346.901499 0 0 41143.3848 3  13
 139546947.518 0 0 41143.3848 3  14
 29.8166013854 0 0 41143.3848 3  18
 28.3631940728 0 0 41143.3848 3  19
 time t = 9.74784477612e-008
 6992843.28438 0 -1 10000 3  0
 138782025.463 0 0 41143.3848 3  13
 816404.481285 0 0 41143.3848 3  14
 28.5533632568 0 0 41143.3848 3  18
 29.5810965606 0 0 41143.3848 3  19
 time t = 9.79784477612e-008
 6992843.28438 0 -1 10000 3  0
 139487746.045 0 0 41143.3848 3  13
 1808.46759279 0 0 41143.3848 3  14
 27.2857059418 0 0 41143.3848 3  18
 30.8034137384 0 0 41143.3848 3  19
 time t = 9.84784477612e-008
 6992843.28438 0 -1 10000 3  0
 135494865.656 0 0 41143.3848 3  13
 3885802.6236 0 0 41143.3848 3  14
 28.3840024416 0 0 41143.3848 3  18
 29.659772419 0 0 41143.3848 3  19
 time t = 9.89784477612e-008
 6992843.28438 0 -1 10000 3  0
 139256864.156 0 0 41143.3848 3  13
 14907.2504776 0 0 41143.3848 3  14
 28.8954669593 0 0 41143.3848 3  18
 29.1029590158 0 0 41143.3848 3  19
 time t = 9.94784477612e-008
 6992843.28438 0 -1 10000 3  0
 139121555.698 0 0 41143.3848 3  13
 41308.3497817 0 0 41143.3848 3  14
 29.674692302 0 0 41143.3848 3  18
 28.2783802464 0 0 41143.3848 3  19
 time t = 9.99784477612e-008
 6992843.28438 0 -1 10000 3  0
 1227002.47856 0 0 41143.3848 3  13
 137826943.885 0 0 41143.3848 3  14
 28.3546752481 0 0 41143.3848 3  18
 29.5530395573 0 0 41143.3848 3  19
 time t = 1.00478447761e-007
 6992843.28438 0 -1 10000 3  0
 138823961.252 0 0 41143.3848 3  13
 121057.258321 0 0 41143.3848 3  14
 29.017547913 0 0 41143.3848 3  18
 28.8448048499 0 0 41143.3848 3  19
 time t = 1.00978447761e-007
 6992843.28438 0 -1 10000 3  0
 103607.281796 0 0 41143.3848 3  13
 138732473.364 0 0 41143.3848 3  14
 30.3447721706 0 0 41143.3848 3  18
 27.4722144826 0 0 41143.3848 3  19
 time t = 1.01478447761e-007
 6992843.28438 0 -1 10000 3  0
 138610504.209 0 0 41143.3848 3  13
 116628.717949 0 0 41143.3848 3  14
 28.5799551416 0 0 41143.3848 3  18
 29.1916612384 0 0 41143.3848 3  19
 time t = 1.01978447761e-007
 6992843.28438 0 -1 10000 3  0
 138268877.938 0 0 41143.3848 3  13
 349297.57425 0 0 41143.3848 3  14
 28.7932120174 0 0 41143.3848 3  18
 28.9330302295 0 0 41143.3848 3  19
 time t = 1.02478447761e-007
 6992843.28438 0 -1 10000 3  0
 4803235.53338 0 0 41143.3848 3  13
 133705973.024 0 0 41143.3848 3  14
 27.6466267021 0 0 41143.3848 3  18
 30.0342371941 0 0 41143.3848 3  19
 time t = 1.02978447761e-007
 6992843.28438 0 -1 10000 3  0
 22777.5833349 0 0 41143.3848 3  13
 138377454.638 0 0 41143.3848 3  14
 29.1592668174 0 0 41143.3848 3  18
 28.4762148247 0 0 41143.3848 3  19
 time t = 1.03478447761e-007
 6992843.28438 0 -1 10000 3  0
 134403492.28 0 0 41143.3848 3  13
 3887754.37982 0 0 41143.3848 3  14
 29.7868248404 0 0 41143.3848 3  18
 27.8032709907 0 0 41143.3848 3  19
 time t = 1.03978447761e-007
 6992843.28438 0 -1 10000 3  0
 339019.628455 0 0 41143.3848 3  13
 137843232.4 0 0 41143.3848 3  14
 30.3015798976 0 0 41143.3848 3  18
 27.243125951 0 0 41143.3848 3  19
 time t = 1.04478447761e-007
 6992843.28438 0 -1 10000 3  0
 191076.056128 0 0 41143.3848 3  13
 137882172.431 0 0 41143.3848 3  14
 27.6637040235 0 0 41143.3848 3  18
 29.8356082793 0 0 41143.3848 3  19
 time t = 1.04978447761e-007
 6992843.28438 0 -1 10000 3  0
 6917.44008935 0 0 41143.3848 3  13
 137957318.75 0 0 41143.3848 3  14
 28.5291191912 0 0 41143.3848 3  18
 28.9247959974 0 0 41143.3848 3  19
 time t = 1.05478447761e-007
 6992843.28438 0 -1 10000 3  0
 134104940.117 0 0 41143.3848 3  13
 3750275.17849 0 0 41143.3848 3  14
 28.786139623 0 0 41143.3848 3  18
 28.6223749259 0 0 41143.3848 3  19
 time t = 1.05978447761e-007
 6992843.28438 0 -1 10000 3  0
 130110362.323 0 0 41143.3848 3  13
 7635823.63525 0 0 41143.3848 3  14
 28.3102098664 0 0 41143.3848 3  18
 29.0529004469 0 0 41143.3848 3  19
 time t = 1.06478447761e-007
 6992843.28438 0 -1 10000 3  0
 137406828.836 0 0 41143.3848 3  13
 230319.499972 0 0 41143.3848 3  14
 28.1219023465 0 0 41143.3848 3  18
 29.1958001698 0 0 41143.3848 3  19
 time t = 1.06978447761e-007
 6992843.28438 0 -1 10000 3  0
 137521812.405 0 0 41143.3848 3  13
 6290.17898184 0 0 41143.3848 3  14
 28.6769546349 0 0 41143.3848 3  18
 28.5953367856 0 0 41143.3848 3  19
 time t = 1.07478447761e-007
 6992843.28438 0 -1 10000 3  0
 571238.372885 0 0 41143.3848 3  13
 136847810.486 0 0 41143.3848 3  14
 28.4092981615 0 0 41143.3848 3  18
 28.817578945 0 0 41143.3848 3  19
 time t = 1.07978447761e-007
 6992843.28438 0 -1 10000 3  0
 136725284.238 0 0 41143.3848 3  13
 584703.079116 0 0 41143.3848 3  14
 28.3464631355 0 0 41143.3848 3  18
 28.8349961718 0 0 41143.3848 3  19
 time t = 1.08478447761e-007
 6992843.28438 0 -1 10000 3  0
 24172844.6558 0 0 41143.3848 3  13
 113028073.458 0 0 41143.3848 3  14
 27.375502229 0 0 41143.3848 3  18
 29.760536103 0 0 41143.3848 3  19
 time t = 1.08978447761e-007
 6992843.28438 0 -1 10000 3  0
 40405.8052928 0 0 41143.3848 3  13
 137051435.6 0 0 41143.3848 3  14
 28.5001694686 0 0 41143.3848 3  18
 28.5904450401 0 0 41143.3848 3  19
 time t = 1.09478447761e-007
 6992843.28438 0 -1 10000 3  0
 2903663.14249 0 0 41143.3848 3  13
 134079094.205 0 0 41143.3848 3  14
 27.009738863 0 0 41143.3848 3  18
 30.0354486065 0 0 41143.3848 3  19
 time t = 1.09978447761e-007
 6992843.28438 0 -1 10000 3  0
 136392292.759 0 0 41143.3848 3  13
 481373.336661 0 0 41143.3848 3  14
 28.3615997838 0 0 41143.3848 3  18
 28.6381575827 0 0 41143.3848 3  19
 time t = 1.10478447761e-007
 6992843.28438 0 -1 10000 3  0
 136747055.39 0 0 41143.3848 3  13
 17512.4157715 0 0 41143.3848 3  14
 29.18701511 0 0 41143.3848 3  18
 27.7673093959 0 0 41143.3848 3  19
 time t = 1.10978447761e-007
 6992843.28438 0 -1 10000 3  0
 136357190.68 0 0 41143.3848 3  13
 298271.952321 0 0 41143.3848 3  14
 27.5076531928 0 0 41143.3848 3  18
 29.4012356055 0 0 41143.3848 3  19
 time t = 1.11478447761e-007
 6992843.28438 0 -1 10000 3  0
 122454.166301 0 0 41143.3848 3  13
 136423896.564 0 0 41143.3848 3  14
 27.3653213412 0 0 41143.3848 3  18
 29.4981287146 0 0 41143.3848 3  19
 time t = 1.11978447761e-007
 6992843.28438 0 -1 10000 3  0
 136409072.566 0 0 41143.3848 3  13
 28159.6903739 0 0 41143.3848 3  14
 28.0274268451 0 0 41143.3848 3  18
 28.790581845 0 0 41143.3848 3  19
 time t = 1.12478447761e-007
 6992843.28438 0 -1 10000 3  0
 131923552.876 0 0 41143.3848 3  13
 4404554.48826 0 0 41143.3848 3  14
 30.0189129203 0 0 41143.3848 3  18
 26.7536516607 0 0 41143.3848 3  19
 time t = 1.12978447761e-007
 6992843.28438 0 -1 10000 3  0
 152666.58311 0 0 41143.3848 3  13
 136066309.626 0 0 41143.3848 3  14
 27.8549110382 0 0 41143.3848 3  18
 28.8722071528 0 0 41143.3848 3  19
 time t = 1.13478447761e-007
 6992843.28438 0 -1 10000 3  0
 135759347.666 0 0 41143.3848 3  13
 350491.281642 0 0 41143.3848 3  14
 27.2004963032 0 0 41143.3848 3  18
 29.4811724401 0 0 41143.3848 3  19
 time t = 1.13978447761e-007
 6992843.28438 0 -1 10000 3  0
 7417868.39969 0 0 41143.3848 3  13
 128582827.333 0 0 41143.3848 3  14
 28.4600678564 0 0 41143.3848 3  18
 28.1761489577 0 0 41143.3848 3  19
 time t = 1.14478447761e-007
 6992843.28438 0 -1 10000 3  0
 151028.037745 0 0 41143.3848 3  13
 135740518.68 0 0 41143.3848 3  14
 28.7598395886 0 0 41143.3848 3  18
 27.8309234504 0 0 41143.3848 3  19
 time t = 1.14978447761e-007
 6992843.28438 0 -1 10000 3  0
 2855.1517402 0 0 41143.3848 3  13
 135779536.909 0 0 41143.3848 3  14
 28.717987299 0 0 41143.3848 3  18
 27.827319314 0 0 41143.3848 3  19
 time t = 1.15478447761e-007
 6992843.28438 0 -1 10000 3  0
 135417438.719 0 0 41143.3848 3  13
 255793.193682 0 0 41143.3848 3  14
 27.9392162621 0 0 41143.3848 3  18
 28.5606316249 0 0 41143.3848 3  19
 time t = 1.15978447761e-007
 6992843.28438 0 -1 10000 3  0
 533027.629749 0 0 41143.3848 3  13
 135031038.8 0 0 41143.3848 3  14
 28.8443247253 0 0 41143.3848 3  18
 27.6100621467 0 0 41143.3848 3  19
 time t = 1.16478447761e-007
 6992843.28438 0 -1 10000 3  0
 2124188.77615 0 0 41143.3848 3  13
 133330706.99 0 0 41143.3848 3  14
 27.6339478375 0 0 41143.3848 3  18
 28.7749759876 0 0 41143.3848 3  19
 time t = 1.16978447761e-007
 6992843.28438 0 -1 10000 3  0
 3305599.01048 0 0 41143.3848 3  13
 132040121.065 0 0 41143.3848 3  14
 26.9228122874 0 0 41143.3848 3  18
 29.4406463353 0 0 41143.3848 3  19
 time t = 1.17478447761e-007
 6992843.28438 0 -1 10000 3  0
 914932.680803 0 0 41143.3848 3  13
 134321606.83 0 0 41143.3848 3  14
 28.5801626954 0 0 41143.3848 3  18
 27.7378287284 0 0 41143.3848 3  19
 time t = 1.17978447761e-007
 6992843.28438 0 -1 10000 3  0
 134755900.144 0 0 41143.3848 3  13
 371454.08379 0 0 41143.3848 3  14
 27.8463629675 0 0 41143.3848 3  18
 28.4261592433 0 0 41143.3848 3  19
 time t = 1.18478447761e-007
 6992843.28438 0 -1 10000 3  0
 12204.8500216 0 0 41143.3848 3  13
 135005959.528 0 0 41143.3848 3  14
 27.3748439618 0 0 41143.3848 3  18
 28.8522071821 0 0 41143.3848 3  19
 time t = 1.18978447761e-007
 6992843.28438 0 -1 10000 3  0
 13941276.8902 0 0 41143.3848 3  13
 120967693.227 0 0 41143.3848 3  14
 29.1389491 0 0 41143.3848 3  18
 27.0426289647 0 0 41143.3848 3  19
 time t = 1.19478447761e-007
 6992843.28438 0 -1 10000 3  0
 134612509.222 0 0 41143.3848 3  13
 187262.375017 0 0 41143.3848 3  14
 28.3686342434 0 0 41143.3848 3  18
 27.7674692568 0 0 41143.3848 3  19
 time t = 1.19978447761e-007
 6992843.28438 0 -1 10000 3  0
 126408109.189 0 0 41143.3848 3  13
 8282459.78292 0 0 41143.3848 3  14
 28.5429459709 0 0 41143.3848 3  18
 27.5476810344 0 0 41143.3848 3  19
 time t = 1.20478447761e-007
 6992843.28438 0 -1 10000 3  0
 119145458.025 0 0 41143.3848 3  13
 15435904.3695 0 0 41143.3848 3  14
 28.2091063453 0 0 41143.3848 3  18
 27.8360428399 0 0 41143.3848 3  19
 time t = 1.20978447761e-007
 6992843.28438 0 -1 10000 3  0
 134163083.068 0 0 41143.3848 3  13
 309068.950482 0 0 41143.3848 3  14
 27.1144982356 0 0 41143.3848 3  18
 28.8851711505 0 0 41143.3848 3  19
 time t = 1.21478447761e-007
 6992843.28438 0 -1 10000 3  0
 96809.4332831 0 0 41143.3848 3  13
 134266128.563 0 0 41143.3848 3  14
 27.16340306 0 0 41143.3848 3  18
 28.7907852435 0 0 41143.3848 3  19
 time t = 1.21585770027e-007
 25472392.3407 0 -1 41148.3847999 14  2
 287872845.726 0 -1 41148.3847999 14  3
 10343338.8285 0 0 41143.3848 14  2
 time t = 1.22085770027e-007
 312203738.64 0 -1 41148.3847999 14  2
 1141499.43682 0 -1 41148.3847999 14  3
 126670618.152 0 0 41143.3848 14  2
 time t = 1.22153000792e-007
 6992843.28438 0 -1 10000 2  0
 48062620.7982 0 0 41143.3848 2  6
 69069818.4731 0 0 41143.3848 2  9
 1872514.59355 0 0 41143.3848 2  10
 20617552.5373 0 0 41143.3848 2  17
 9.48126032787 0 0 41143.3848 2  18
 9.50960733306 0 0 41143.3848 2  19
 time t = 1.22653000792e-007
 6992843.28438 0 -1 10000 2  0
 48029461.9852 0 0 41143.3848 2  6
 69022166.615 0 0 41143.3848 2  9
 1871222.72668 0 0 41143.3848 2  10
 20603328.3124 0 0 41143.3848 2  17
 8.72419820821 0 0 41143.3848 2  18
 10.2535660766 0 0 41143.3848 2  19
 time t = 1.23153000792e-007
 6992843.28438 0 -1 10000 2  0
 47996299.1723 0 0 41143.3848 2  6
 68974509.0003 0 0 41143.3848 2  9
 1869930.71106 0 0 41143.3848 2  10
 20589102.3737 0 0 41143.3848 2  17
 9.3710973596 0 0 41143.3848 2  18
 9.59356306162 0 0 41143.3848 2  19
 time t = 1.23653000792e-007
 6992843.28438 0 -1 10000 2  0
 47963132.4006 0 0 41143.3848 2  6
 68926845.7128 0 0 41143.3848 2  9
 1868638.53297 0 0 41143.3848 2  10
 20574874.7311 0 0 41143.3848 2  17
 9.84190373309 0 0 41143.3848 2  18
 9.10965252489 0 0 41143.3848 2  19
 time t = 1.24153000792e-007
 6992843.28438 0 -1 10000 2  0
 47929961.7107 0 0 41143.3848 2  6
 68879176.7805 0 0 41143.3848 2  9
 1867346.21193 0 0 41143.3848 2  10
 20560645.4098 0 0 41143.3848 2  17
 8.99018777106 0 0 41143.3848 2  18
 9.9482615457 0 0 41143.3848 2  19
 time t = 1.24653000792e-007
 6992843.28438 0 -1 10000 2  0
 47896787.1419 0 0 41143.3848 2  6
 68831502.2813 0 0 41143.3848 2  9
 1866053.73653 0 0 41143.3848 2  10
 20546414.423 0 0 41143.3848 2  17
 9.48155761454 0 0 41143.3848 2  18
 9.44378296079 0 0 41143.3848 2  19
 time t = 1.25153000792e-007
 6992843.28438 0 -1 10000 2  0
 47863608.732 0 0 41143.3848 2  6
 68783822.2686 0 0 41143.3848 2  9
 1864761.09813 0 0 41143.3848 2  10
 20532181.7954 0 0 41143.3848 2  17
 8.73436245704 0 0 41143.3848 2  18
 10.1778690653 0 0 41143.3848 2  19
 time t = 1.25653000792e-007
 6992843.28438 0 -1 10000 2  0
 47830426.5244 0 0 41143.3848 2  6
 68736136.7883 0 0 41143.3848 2  9
 1863468.32746 0 0 41143.3848 2  10
 20517947.5328 0 0 41143.3848 2  17
 8.82723395188 0 0 41143.3848 2  18
 10.0718865621 0 0 41143.3848 2  19
 time t = 1.26153000792e-007
 6992843.28438 0 -1 10000 2  0
 47797240.559 0 0 41143.3848 2  6
 68688445.9057 0 0 41143.3848 2  9
 1862175.40683 0 0 41143.3848 2  10
 20503711.6587 0 0 41143.3848 2  17
 9.19662313486 0 0 41143.3848 2  18
 9.689384285 0 0 41143.3848 2  19
 time t = 1.26653000792e-007
 6992843.28438 0 -1 10000 2  0
 47764050.8722 0 0 41143.3848 2  6
 68640749.6827 0 0 41143.3848 2  9
 1860882.33566 0 0 41143.3848 2  10
 20489474.1909 0 0 41143.3848 2  17
 8.70261933151 0 0 41143.3848 2  18
 10.170273734 0 0 41143.3848 2  19
 time t = 1.27153000792e-007
 6992843.28438 0 -1 10000 2  0
 47730857.504 0 0 41143.3848 2  6
 68593048.163 0 0 41143.3848 2  9
 1859589.13249 0 0 41143.3848 2  10
 20475235.1407 0 0 41143.3848 2  17
 9.45931262956 0 0 41143.3848 2  18
 9.40046445858 0 0 41143.3848 2  19
 time t = 1.27653000792e-007
 6992843.28438 0 -1 10000 2  0
 47697660.4974 0 0 41143.3848 2  6
 68545341.4146 0 0 41143.3848 2  9
 1858295.78517 0 0 41143.3848 2  10
 20460994.5285 0 0 41143.3848 2  17
 9.42877796094 0 0 41143.3848 2  18
 9.41788319877 0 0 41143.3848 2  19
 time t = 1.28153000792e-007
 6992843.28438 0 -1 10000 2  0
 47664459.8884 0 0 41143.3848 2  6
 68497629.4988 0 0 41143.3848 2  9
 1857002.28629 0 0 41143.3848 2  10
 20446752.3743 0 0 41143.3848 2  17
 8.9537643627 0 0 41143.3848 2  18
 9.87977716486 0 0 41143.3848 2  19
 time t = 1.28653000792e-007
 6992843.28438 0 -1 10000 2  0
 47631255.7197 0 0 41143.3848 2  6
 68449912.4551 0 0 41143.3848 2  9
 1855708.65904 0 0 41143.3848 2  10
 20432508.693 0 0 41143.3848 2  17
 8.67985632669 0 0 41143.3848 2  18
 10.1405658681 0 0 41143.3848 2  19
 time t = 1.29153000792e-007
 6992843.28438 0 -1 10000 2  0
 47598048.0297 0 0 41143.3848 2  6
 68402190.3557 0 0 41143.3848 2  9
 1854414.89291 0 0 41143.3848 2  10
 20418263.5 0 0 41143.3848 2  17
 9.21176993269 0 0 41143.3848 2  18
 9.59553081524 0 0 41143.3848 2  19
 time t = 1.29653000792e-007
 6992843.28438 0 -1 10000 2  0
 47564836.8575 0 0 41143.3848 2  6
 68354463.2554 0 0 41143.3848 2  9
 1853120.98378 0 0 41143.3848 2  10
 20404016.816 0 0 41143.3848 2  17
 8.90509254178 0 0 41143.3848 2  18
 9.88908767196 0 0 41143.3848 2  19
 time t = 1.30153000792e-007
 6992843.28438 0 -1 10000 2  0
 47531622.2446 0 0 41143.3848 2  6
 68306731.2048 0 0 41143.3848 2  9
 1851826.95075 0 0 41143.3848 2  10
 20389768.6503 0 0 41143.3848 2  17
 9.15270893049 0 0 41143.3848 2  18
 9.62834552037 0 0 41143.3848 2  19
 time t = 1.30459493244e-007
 103652617.922 0 -1 41148.0553529 6  2
 208723559.24 0 -1 41148.0553529 6  3
 44903327.145 0 0 41143.3848 6  3
 time t = 1.30959493244e-007
 103652617.922 0 -1 41148.0553529 6  2
 208723559.226 0 -1 41148.0553529 6  3
 44871930.5404 0 0 41143.3848 6  3
 time t = 1.31459493244e-007
 103652617.922 0 -1 41148.0553529 6  2
 208723559.232 0 -1 41148.0553529 6  3
 44840530.7824 0 0 41143.3848 6  3
 time t = 1.31959493244e-007
 103652617.922 0 -1 41148.0553529 6  2
 208723559.232 0 -1 41148.0553529 6  3
 44809127.9044 0 0 41143.3848 6  3
 time t = 1.32459493244e-007
 103652617.922 0 -1 41148.0553529 6  2
 208723559.212 0 -1 41148.0553529 6  3
 44777721.9457 0 0 41143.3848 6  3
 time t = 1.32486079293e-007
 6992843.28438 0 -1 10000 2  0
 43576237.7693 0 0 41143.3848 2  6
 62748921.6003 0 0 41143.3848 2  9
 1702192.31183 0 0 41143.3848 2  10
 18760383.0784 0 0 41143.3848 2  17
 14.6188370568 0 0 41143.3848 2  18
 15.0585886352 0 0 41143.3848 2  19
 time t = 1.32986079293e-007
 6992843.28438 0 -1 10000 2  0
 43539007.5641 0 0 41143.3848 2  6
 62695310.8433 0 0 41143.3848 2  9
 1700738.01107 0 0 41143.3848 2  10
 18744354.78 0 0 41143.3848 2  17
 13.6395320007 0 0 41143.3848 2  18
 16.0125402112 0 0 41143.3848 2  19
 time t = 1.33486079293e-007
 6992843.28438 0 -1 10000 2  0
 43501767.4493 0 0 41143.3848 2  6
 62641685.8091 0 0 41143.3848 2  9
 1699283.32678 0 0 41143.3848 2  10
 18728322.2153 0 0 41143.3848 2  17
 14.478307003 0 0 41143.3848 2  18
 15.1484035325 0 0 41143.3848 2  19
 time t = 1.33986079293e-007
 6992843.28438 0 -1 10000 2  0
 43464517.5057 0 0 41143.3848 2  6
 62588046.6288 0 0 41143.3848 2  9
 1697828.24943 0 0 41143.3848 2  10
 18712285.4191 0 0 41143.3848 2  17
 14.6978276515 0 0 41143.3848 2  18
 14.9035136056 0 0 41143.3848 2  19
 time t = 1.34486079293e-007
 6992843.28438 0 -1 10000 2  0
 43427257.8041 0 0 41143.3848 2  6
 62534393.4067 0 0 41143.3848 2  9
 1696372.80334 0 0 41143.3848 2  10
 18696244.4173 0 0 41143.3848 2  17
 14.5425790227 0 0 41143.3848 2  18
 15.0333879051 0 0 41143.3848 2  19
 time t = 1.34986079293e-007
 6992843.28438 0 -1 10000 2  0
 43389988.4388 0 0 41143.3848 2  6
 62480726.2518 0 0 41143.3848 2  9
 1694916.96348 0 0 41143.3848 2  10
 18680199.2691 0 0 41143.3848 2  17
 14.4189791764 0 0 41143.3848 2  18
 15.1316045491 0 0 41143.3848 2  19
 time t = 1.35486079293e-007
 6992843.28438 0 -1 10000 2  0
 43352709.4728 0 0 41143.3848 2  6
 62427045.2886 0 0 41143.3848 2  9
 1693460.76527 0 0 41143.3848 2  10
 18664149.9834 0 0 41143.3848 2  17
 13.608186275 0 0 41143.3848 2  18
 15.9170080361 0 0 41143.3848 2  19
 time t = 1.35986079293e-007
 6992843.28438 0 -1 10000 2  0
 43315421.0173 0 0 41143.3848 2  6
 62373350.6196 0 0 41143.3848 2  9
 1692004.18494 0 0 41143.3848 2  10
 18648096.5997 0 0 41143.3848 2  17
 14.1465620878 0 0 41143.3848 2  18
 15.3532414841 0 0 41143.3848 2  19
 time t = 1.36486079293e-007
 6992843.28438 0 -1 10000 2  0
 43278123.1104 0 0 41143.3848 2  6
 62319642.383 0 0 41143.3848 2  9
 1690547.24268 0 0 41143.3848 2  10
 18632039.155 0 0 41143.3848 2  17
 14.349096616 0 0 41143.3848 2  18
 15.125302436 0 0 41143.3848 2  19
 time t = 1.36986079293e-007
 6992843.28438 0 -1 10000 2  0
 43240815.8479 0 0 41143.3848 2  6
 62265920.6846 0 0 41143.3848 2  9
 1689089.92619 0 0 41143.3848 2  10
 18615977.6891 0 0 41143.3848 2  17
 14.5070822859 0 0 41143.3848 2  18
 14.9419096011 0 0 41143.3848 2  19
 time t = 1.37486079293e-007
 6992843.28438 0 -1 10000 2  0
 43203499.329 0 0 41143.3848 2  6
 62212185.6121 0 0 41143.3848 2  9
 1687632.25893 0 0 41143.3848 2  10
 18599912.2271 0 0 41143.3848 2  17
 14.1138988764 0 0 41143.3848 2  18
 15.3096805166 0 0 41143.3848 2  19
 time t = 1.37986079293e-007
 6992843.28438 0 -1 10000 2  0
 43166173.6031 0 0 41143.3848 2  6
 62158437.3208 0 0 41143.3848 2  9
 1686174.22507 0 0 41143.3848 2  10
 18583842.8092 0 0 41143.3848 2  17
 14.196256009 0 0 41143.3848 2  18
 15.2019001303 0 0 41143.3848 2  19
 time t = 1.38486079293e-007
 6992843.28438 0 -1 10000 2  0
 43128838.7772 0 0 41143.3848 2  6
 62104675.8918 0 0 41143.3848 2  9
 1684715.83649 0 0 41143.3848 2  10
 18567769.4677 0 0 41143.3848 2  17
 14.2833694036 0 0 41143.3848 2  18
 15.08935892 0 0 41143.3848 2  19
 time t = 1.38986079293e-007
 6992843.28438 0 -1 10000 2  0
 43091494.9153 0 0 41143.3848 2  6
 62050901.464 0 0 41143.3848 2  9
 1683257.08883 0 0 41143.3848 2  10
 18551692.2367 0 0 41143.3848 2  17
 14.560261401 0 0 41143.3848 2  18
 14.7870335901 0 0 41143.3848 2  19
 time t = 1.39486079293e-007
 6992843.28438 0 -1 10000 2  0
 43054142.0794 0 0 41143.3848 2  6
 61997114.1375 0 0 41143.3848 2  9
 1681798.01213 0 0 41143.3848 2  10
 18535611.151 0 0 41143.3848 2  17
 14.0712154001 0 0 41143.3848 2  18
 15.2506433746 0 0 41143.3848 2  19
 time t = 1.39986079293e-007
 6992843.28438 0 -1 10000 2  0
 43016780.3912 0 0 41143.3848 2  6
 61943314.0332 0 0 41143.3848 2  9
 1680338.56517 0 0 41143.3848 2  10
 18519526.2432 0 0 41143.3848 2  17
 14.3195654422 0 0 41143.3848 2  18
 14.9768481809 0 0 41143.3848 2  19
 time t = 1.40486079293e-007
 6992843.28438 0 -1 10000 2  0
 42979409.8955 0 0 41143.3848 2  6
 61889501.2633 0 0 41143.3848 2  9
 1678878.78635 0 0 41143.3848 2  10
 18503437.5466 0 0 41143.3848 2  17
 14.1774367807 0 0 41143.3848 2  18
 15.0935224926 0 0 41143.3848 2  19
 time t = 1.40986079293e-007
 6992843.28438 0 -1 10000 2  0
 42942030.6891 0 0 41143.3848 2  6
 61835675.9358 0 0 41143.3848 2  9
 1677418.66395 0 0 41143.3848 2  10
 18487345.1016 0 0 41143.3848 2  17
 14.3761641001 0 0 41143.3848 2  18
 14.869339864 0 0 41143.3848 2  19
 time t = 1.41486079293e-007
 6992843.28438 0 -1 10000 2  0
 42904642.8383 0 0 41143.3848 2  6
 61781838.1774 0 0 41143.3848 2  9
 1675958.20725 0 0 41143.3848 2  10
 18471248.9348 0 0 41143.3848 2  17
 14.9000872466 0 0 41143.3848 2  18
 14.3199543799 0 0 41143.3848 2  19
 time t = 1.41986079293e-007
 6992843.28438 0 -1 10000 2  0
 42867246.4397 0 0 41143.3848 2  6
 61727988.0869 0 0 41143.3848 2  9
 1674497.41265 0 0 41143.3848 2  10
 18455149.0857 0 0 41143.3848 2  17
 14.6322717188 0 0 41143.3848 2  18
 14.5622992483 0 0 41143.3848 2  19
 time t = 1.42486079293e-007
 6992843.28438 0 -1 10000 2  0
 42829841.5512 0 0 41143.3848 2  6
 61674125.794 0 0 41143.3848 2  9
 1673036.28808 0 0 41143.3848 2  10
 18439045.5857 0 0 41143.3848 2  17
 14.0996902495 0 0 41143.3848 2  18
 15.0694080777 0 0 41143.3848 2  19
 time t = 1.42986079293e-007
 6992843.28438 0 -1 10000 2  0
 42792428.2689 0 0 41143.3848 2  6
 61620251.3991 0 0 41143.3848 2  9
 1671574.83839 0 0 41143.3848 2  10
 18422938.4687 0 0 41143.3848 2  17
 14.1534075031 0 0 41143.3848 2  18
 14.9902091805 0 0 41143.3848 2  19
 time t = 1.43486079293e-007
 6992843.28438 0 -1 10000 2  0
 42755006.6613 0 0 41143.3848 2  6
 61566365.0411 0 0 41143.3848 2  9
 1670113.05319 0 0 41143.3848 2  10
 18406827.7673 0 0 41143.3848 2  17
 14.0662206052 0 0 41143.3848 2  18
 15.0519087319 0 0 41143.3848 2  19
 time t = 1.43986079293e-007
 6992843.28438 0 -1 10000 2  0
 42717576.8135 0 0 41143.3848 2  6
 61512466.7951 0 0 41143.3848 2  9
 1668650.954 0 0 41143.3848 2  10
 18390713.5255 0 0 41143.3848 2  17
 13.9693855871 0 0 41143.3848 2  18
 15.123252907 0 0 41143.3848 2  19
 time t = 1.44486079293e-007
 6992843.28438 0 -1 10000 2  0
 42680138.8095 0 0 41143.3848 2  6
 61458556.7939 0 0 41143.3848 2  9
 1667188.5373 0 0 41143.3848 2  10
 18374595.7624 0 0 41143.3848 2  17
 14.3292025253 0 0 41143.3848 2  18
 14.7379415511 0 0 41143.3848 2  19
 time t = 1.44986079293e-007
 6992843.28438 0 -1 10000 2  0
 42642692.7115 0 0 41143.3848 2  6
 61404635.1603 0 0 41143.3848 2  9
 1665725.80981 0 0 41143.3848 2  10
 18358474.5168 0 0 41143.3848 2  17
 14.5529234715 0 0 41143.3848 2  18
 14.4887169638 0 0 41143.3848 2  19
 time t = 1.45486079293e-007
 6992843.28438 0 -1 10000 2  0
 42605238.6131 0 0 41143.3848 2  6
 61350702.0007 0 0 41143.3848 2  9
 1664262.75783 0 0 41143.3848 2  10
 18342349.8305 0 0 41143.3848 2  17
 14.1519828787 0 0 41143.3848 2  18
 14.8641512942 0 0 41143.3848 2  19
 time t = 1.45500469167e-007
 103652621.425 0 -1 41148.0553529 6  2
 208723544.685 0 -1 41148.0553529 6  3
 40356361.7195 0 0 41143.3848 6  3
 time t = 1.45651544344e-007
 6992843.28438 0 -1 10000 2  0
 38453813.0557 0 0 41143.3848 2  6
 55503573.0369 0 0 41143.3848 2  9
 1506726.16431 0 0 41143.3848 2  10
 16625002.5413 0 0 41143.3848 2  17
 10.1687604392 0 0 41143.3848 2  18
 10.0487473013 0 0 41143.3848 2  19
 time t = 1.46151544344e-007
 6992843.28438 0 -1 10000 2  0
 38424727.9849 0 0 41143.3848 2  6
 55461592.1494 0 0 41143.3848 2  9
 1505586.53385 0 0 41143.3848 2  10
 16612427.9891 0 0 41143.3848 2  17
 9.44257704231 0 0 41143.3848 2  18
 10.759638901 0 0 41143.3848 2  19
 time t = 1.46651544344e-007
 6992843.28438 0 -1 10000 2  0
 38395636.7024 0 0 41143.3848 2  6
 55419602.2833 0 0 41143.3848 2  9
 1504446.65505 0 0 41143.3848 2  10
 16599850.7544 0 0 41143.3848 2  17
 9.21335333582 0 0 41143.3848 2  18
 10.9735663089 0 0 41143.3848 2  19
 time t = 1.47151544344e-007
 6992843.28438 0 -1 10000 2  0
 38366539.2468 0 0 41143.3848 2  6
 55377603.5182 0 0 41143.3848 2  9
 1503306.53682 0 0 41143.3848 2  10
 16587270.8505 0 0 41143.3848 2  17
 9.7950120247 0 0 41143.3848 2  18
 10.3766106058 0 0 41143.3848 2  19
 time t = 1.47651544344e-007
 6992843.28438 0 -1 10000 2  0
 38337435.6701 0 0 41143.3848 2  6
 55335595.9158 0 0 41143.3848 2  9
 1502166.18062 0 0 41143.3848 2  10
 16574688.2994 0 0 41143.3848 2  17
 9.83452554663 0 0 41143.3848 2  18
 10.3217968325 0 0 41143.3848 2  19
 time t = 1.48151544344e-007
 6992843.28438 0 -1 10000 2  0
 38308326.0241 0 0 41143.3848 2  6
 55293579.5431 0 0 41143.3848 2  9
 1501025.58233 0 0 41143.3848 2  10
 16562103.1242 0 0 41143.3848 2  17
 10.1228123451 0 0 41143.3848 2  18
 10.0182006861 0 0 41143.3848 2  19
 time t = 1.48651544344e-007
 6992843.28438 0 -1 10000 2  0
 38279210.3449 0 0 41143.3848 2  6
 55251554.474 0 0 41143.3848 2  9
 1499884.75453 0 0 41143.3848 2  10
 16549515.3416 0 0 41143.3848 2  17
 9.83661921191 0 0 41143.3848 2  18
 10.2890888825 0 0 41143.3848 2  19
 time t = 1.49151544344e-007
 6992843.28438 0 -1 10000 2  0
 38250088.6874 0 0 41143.3848 2  6
 55209520.7798 0 0 41143.3848 2  9
 1498743.68327 0 0 41143.3848 2  10
 16536924.9759 0 0 41143.3848 2  17
 9.70618901368 0 0 41143.3848 2  18
 10.4042076969 0 0 41143.3848 2  19
 time t = 1.49651544344e-007
 6992843.28438 0 -1 10000 2  0
 38220961.1003 0 0 41143.3848 2  6
 55167478.5197 0 0 41143.3848 2  9
 1497602.38137 0 0 41143.3848 2  10
 16524332.0447 0 0 41143.3848 2  17
 9.50655190154 0 0 41143.3848 2  18
 10.5885307992 0 0 41143.3848 2  19
 time t = 1.50151544344e-007
 6992843.28438 0 -1 10000 2  0
 38191827.6237 0 0 41143.3848 2  6
 55125427.7666 0 0 41143.3848 2  9
 1496460.85501 0 0 41143.3848 2  10
 16511736.5682 0 0 41143.3848 2  17
 9.87012504138 0 0 41143.3848 2  18
 10.2096404422 0 0 41143.3848 2  19
 time t = 1.50433882235e-007
 48698987.5309 0 -1 41148.3888924 17  2
 250837565.557 0 -1 41148.3888924 17  3
 15707290.5626 0 0 41143.3848 17  3
 time t = 1.50933882235e-007
 48698987.5314 0 -1 41148.3888924 17  2
 250837565.244 0 -1 41148.3888924 17  3
 15695299.7875 0 0 41143.3848 17  3
 time t = 1.51433882235e-007
 48698987.5274 0 -1 41148.3888924 17  2
 250837564.809 0 -1 41148.3888924 17  3
 15683306.6285 0 0 41143.3848 17  3
 time t = 1.51933882235e-007
 48698987.5306 0 -1 41148.3888924 17  2
 250837564.817 0 -1 41148.3888924 17  3
 15671311.1642 0 0 41143.3848 17  3
 time t = 1.52433882235e-007
 48698987.5348 0 -1 41148.3888924 17  2
 250837565.673 0 -1 41148.3888924 17  3
 15659313.4557 0 0 41143.3848 17  3
 time t = 1.52762758479e-007
 6992843.28438 0 -1 10000 3  0
 96617380.7208 0 0 41143.3848 3  13
 1084500.12046 0 0 41143.3848 3  14
 34.8925672705 0 0 41143.3848 3  18
 34.3903381468 0 0 41143.3848 3  19
 time t = 1.53262758479e-007
 6992843.28438 0 -1 10000 3  0
 7896053.67168 0 0 41143.3848 3  13
 89715901.6453 0 0 41143.3848 3  14
 35.4642554462 0 0 41143.3848 3  18
 33.754881515 0 0 41143.3848 3  19
 time t = 1.53762758479e-007
 6992843.28438 0 -1 10000 3  0
 1342.12802931 0 0 41143.3848 3  13
 97520657.4224 0 0 41143.3848 3  14
 34.8801636225 0 0 41143.3848 3  18
 34.2751833778 0 0 41143.3848 3  19
 time t = 1.54262758479e-007
 6992843.28438 0 -1 10000 3  0
 945165.618432 0 0 41143.3848 3  13
 96486848.1606 0 0 41143.3848 3  14
 35.2461780659 0 0 41143.3848 3  18
 33.8453576619 0 0 41143.3848 3  19
 time t = 1.54762758479e-007
 6992843.28438 0 -1 10000 3  0
 1352546.58506 0 0 41143.3848 3  13
 95989451.6523 0 0 41143.3848 3  14
 35.1051137422 0 0 41143.3848 3  18
 33.9225896943 0 0 41143.3848 3  19
 time t = 1.55262758479e-007
 6992843.28438 0 -1 10000 3  0
 106786.145193 0 0 41143.3848 3  13
 97145167.0175 0 0 41143.3848 3  14
 35.1387297143 0 0 41143.3848 3  18
 33.8251204636 0 0 41143.3848 3  19
 time t = 1.55762758479e-007
 6992843.28438 0 -1 10000 3  0
 97040517.0116 0 0 41143.3848 3  13
 121361.77891 0 0 41143.3848 3  14
 33.9786810191 0 0 41143.3848 3  18
 34.921295077 0 0 41143.3848 3  19
 time t = 1.56262758479e-007
 6992843.28438 0 -1 10000 3  0
 91962741.4897 0 0 41143.3848 3  13
 5109033.86694 0 0 41143.3848 3  14
 34.5271743912 0 0 41143.3848 3  18
 34.308906897 0 0 41143.3848 3  19
 time t = 1.56762758479e-007
 6992843.28438 0 -1 10000 3  0
 74687508.485 0 0 41143.3848 3  13
 22294134.6119 0 0 41143.3848 3  14
 34.2360178906 0 0 41143.3848 3  18
 34.5361482857 0 0 41143.3848 3  19
 time t = 1.57262758479e-007
 6992843.28438 0 -1 10000 3  0
 96715427.2837 0 0 41143.3848 3  13
 176054.962868 0 0 41143.3848 3  14
 34.3980710939 0 0 41143.3848 3  18
 34.3101599352 0 0 41143.3848 3  19
 time t = 1.57762758479e-007
 6992843.28438 0 -1 10000 3  0
 92161630.8835 0 0 41143.3848 3  13
 4639662.15809 0 0 41143.3848 3  14
 34.4073798818 0 0 41143.3848 3  18
 34.2368956559 0 0 41143.3848 3  19
 time t = 1.58262758479e-007
 6992843.28438 0 -1 10000 3  0
 1639074.28754 0 0 41143.3848 3  13
 95072001.4291 0 0 41143.3848 3  14
 34.8091408819 0 0 41143.3848 3  18
 33.7711592292 0 0 41143.3848 3  19
 time t = 1.58762758479e-007
 6992843.28438 0 -1 10000 3  0
 91037085.747 0 0 41143.3848 3  13
 5583744.76006 0 0 41143.3848 3  14
 33.7147379369 0 0 41143.3848 3  18
 34.80156699 0 0 41143.3848 3  19
 time t = 1.59262758479e-007
 6992843.28438 0 -1 10000 3  0
 95883459.9667 0 0 41143.3848 3  13
 647097.68166 0 0 41143.3848 3  14
 34.054213139 0 0 41143.3848 3  18
 34.3980769657 0 0 41143.3848 3  19
 time t = 1.59762758479e-007
 6992843.28438 0 -1 10000 3  0
 95448518.2644 0 0 41143.3848 3  13
 991739.110798 0 0 41143.3848 3  14
 34.2888615004 0 0 41143.3848 3  18
 34.0993944043 0 0 41143.3848 3  19
 time t = 1.60262758479e-007
 6992843.28438 0 -1 10000 3  0
 96326812.1133 0 0 41143.3848 3  13
 23117.8089077 0 0 41143.3848 3  14
 33.8158623316 0 0 41143.3848 3  18
 34.5083400875 0 0 41143.3848 3  19
 time t = 1.60762758479e-007
 6992843.28438 0 -1 10000 3  0
 95286589.4431 0 0 41143.3848 3  13
 972986.081394 0 0 41143.3848 3  14
 34.3036825265 0 0 41143.3848 3  18
 33.9564471901 0 0 41143.3848 3  19
 time t = 1.61262758479e-007
 6992843.28438 0 -1 10000 3  0
 2585721.79753 0 0 41143.3848 3  13
 93583472.6191 0 0 41143.3848 3  14
 33.7244702018 0 0 41143.3848 3  18
 34.471568012 0 0 41143.3848 3  19
 time t = 1.61762758479e-007
 6992843.28438 0 -1 10000 3  0
 96056792.6094 0 0 41143.3848 3  13
 21994.223317 0 0 41143.3848 3  14
 33.5474084496 0 0 41143.3848 3  18
 34.5845194217 0 0 41143.3848 3  19
 time t = 1.62262758479e-007
 6992843.28438 0 -1 10000 3  0
 4624147.0019 0 0 41143.3848 3  13
 91364206.0053 0 0 41143.3848 3  14
 35.1923101602 0 0 41143.3848 3  18
 32.8754887462 0 0 41143.3848 3  19
 time t = 1.62762758479e-007
 6992843.28438 0 -1 10000 3  0
 190154.900491 0 0 41143.3848 3  13
 95707738.2735 0 0 41143.3848 3  14
 34.2148931842 0 0 41143.3848 3  18
 33.7887583819 0 0 41143.3848 3  19
 time t = 1.63262758479e-007
 6992843.28438 0 -1 10000 3  0
 238170.045332 0 0 41143.3848 3  13
 95569237.5231 0 0 41143.3848 3  14
 34.1728702302 0 0 41143.3848 3  18
 33.7666156631 0 0 41143.3848 3  19
 time t = 1.63762758479e-007
 6992843.28438 0 -1 10000 3  0
 91423918.8929 0 0 41143.3848 3  13
 4292977.52985 0 0 41143.3848 3  14
 33.7925380531 0 0 41143.3848 3  18
 34.0827640533 0 0 41143.3848 3  19
 time t = 1.63947125603e-007
 310718718.752 0 -1 41148.3847998 13  2
 2626422.63397 0 -1 41148.3847998 13  3
 90469237.1204 0 0 41143.3848 13  2
 time t = 1.64185132385e-007
 6992843.28438 0 -1 10000 2  0
 34110215.3629 0 0 41143.3848 2  6
 49329498.2882 0 0 41143.3848 2  9
 1339910.33943 0 0 41143.3848 2  10
 14798204.7457 0 0 41143.3848 2  17
 15.992025401 0 0 41143.3848 2  18
 16.5591928812 0 0 41143.3848 2  19
 time t = 1.64685132385e-007
 6992843.28438 0 -1 10000 2  0
 34077528.8554 0 0 41143.3848 2  6
 49282227.7311 0 0 41143.3848 2  9
 1338626.34831 0 0 41143.3848 2  10
 14784024.197 0 0 41143.3848 2  17
 15.7274938687 0 0 41143.3848 2  18
 16.7925316276 0 0 41143.3848 2  19
 time t = 1.65185132385e-007
 6992843.28438 0 -1 10000 2  0
 34044828.5377 0 0 41143.3848 2  6
 49234937.196 0 0 41143.3848 2  9
 1337341.82021 0 0 41143.3848 2  10
 14769837.6566 0 0 41143.3848 2  17
 15.3454250198 0 0 41143.3848 2  18
 17.1433916024 0 0 41143.3848 2  19
 time t = 1.65685132385e-007
 6992843.28438 0 -1 10000 2  0
 34012114.5087 0 0 41143.3848 2  6
 49187626.8344 0 0 41143.3848 2  9
 1336056.75717 0 0 41143.3848 2  10
 14755645.1648 0 0 41143.3848 2  17
 15.6952104672 0 0 41143.3848 2  18
 16.7623903626 0 0 41143.3848 2  19
 time t = 1.66185132385e-007
 6992843.28438 0 -1 10000 2  0
 33979386.8694 0 0 41143.3848 2  6
 49140296.7905 0 0 41143.3848 2  9
 1334771.15631 0 0 41143.3848 2  10
 14741446.7697 0 0 41143.3848 2  17
 15.8565538605 0 0 41143.3848 2  18
 16.5698144428 0 0 41143.3848 2  19
 time t = 1.66685132385e-007
 6992843.28438 0 -1 10000 2  0
 33946645.7194 0 0 41143.3848 2  6
 49092947.2079 0 0 41143.3848 2  9
 1333485.02604 0 0 41143.3848 2  10
 14727242.5128 0 0 41143.3848 2  17
 15.6164404567 0 0 41143.3848 2  18
 16.7786841058 0 0 41143.3848 2  19
 time t = 1.67185132385e-007
 6992843.28438 0 -1 10000 2  0
 33913891.1592 0 0 41143.3848 2  6
 49045578.2263 0 0 41143.3848 2  9
 1332198.37058 0 0 41143.3848 2  10
 14713032.4391 0 0 41143.3848 2  17
 15.7959766403 0 0 41143.3848 2  18
 16.5678901736 0 0 41143.3848 2  19
 time t = 1.67685132385e-007
 6992843.28438 0 -1 10000 2  0
 33881123.2872 0 0 41143.3848 2  6
 48998190.0043 0 0 41143.3848 2  9
 1330911.18324 0 0 41143.3848 2  10
 14698816.5909 0 0 41143.3848 2  17
 15.8016395914 0 0 41143.3848 2  18
 16.5309578869 0 0 41143.3848 2  19
 time t = 1.68185132385e-007
 6992843.28438 0 -1 10000 2  0
 33848342.2056 0 0 41143.3848 2  6
 48950782.664 0 0 41143.3848 2  9
 1329623.48782 0 0 41143.3848 2  10
 14684595.011 0 0 41143.3848 2  17
 15.6349327845 0 0 41143.3848 2  18
 16.6663827692 0 0 41143.3848 2  19
 time t = 1.68685132385e-007
 6992843.28438 0 -1 10000 2  0
 33815548.0101 0 0 41143.3848 2  6
 48903356.3698 0 0 41143.3848 2  9
 1328335.27363 0 0 41143.3848 2  10
 14670367.7398 0 0 41143.3848 2  17
 15.7053588748 0 0 41143.3848 2  18
 16.5646601382 0 0 41143.3848 2  19
 time t = 1.69185132385e-007
 6992843.28438 0 -1 10000 2  0
 33782740.8036 0 0 41143.3848 2  6
 48855911.2554 0 0 41143.3848 2  9
 1327046.54848 0 0 41143.3848 2  10
 14656134.8251 0 0 41143.3848 2  17
 15.855375892 0 0 41143.3848 2  18
 16.3833354853 0 0 41143.3848 2  19
 time t = 1.69685132385e-007
 6992843.28438 0 -1 10000 2  0
 33749920.6833 0 0 41143.3848 2  6
 48808447.4652 0 0 41143.3848 2  9
 1325757.31612 0 0 41143.3848 2  10
 14641896.3106 0 0 41143.3848 2  17
 15.6317293447 0 0 41143.3848 2  18
 16.5756611344 0 0 41143.3848 2  19
 time t = 1.70185132385e-007
 6992843.28438 0 -1 10000 2  0
 33717087.7506 0 0 41143.3848 2  6
 48760965.1503 0 0 41143.3848 2  9
 1324467.57604 0 0 41143.3848 2  10
 14627652.2365 0 0 41143.3848 2  17
 15.4834220221 0 0 41143.3848 2  18
 16.6926368963 0 0 41143.3848 2  19
 time t = 1.70685132385e-007
 6992843.28438 0 -1 10000 2  0
 33684242.1037 0 0 41143.3848 2  6
 48713464.4425 0 0 41143.3848 2  9
 1323177.34347 0 0 41143.3848 2  10
 14613402.6455 0 0 41143.3848 2  17
 15.3298914356 0 0 41143.3848 2  18
 16.8148222573 0 0 41143.3848 2  19
 time t = 1.71185132385e-007
 6992843.28438 0 -1 10000 2  0
 33651383.8427 0 0 41143.3848 2  6
 48665945.5 0 0 41143.3848 2  9
 1321886.61257 0 0 41143.3848 2  10
 14599147.5797 0 0 41143.3848 2  17
 15.658464019 0 0 41143.3848 2  18
 16.4548927273 0 0 41143.3848 2  19
 time t = 1.71685132385e-007
 6992843.28438 0 -1 10000 2  0
 33618513.0676 0 0 41143.3848 2  6
 48618408.4528 0 0 41143.3848 2  9
 1320595.38603 0 0 41143.3848 2  10
 14584887.0906 0 0 41143.3848 2  17
 15.3674216179 0 0 41143.3848 2  18
 16.7145672686 0 0 41143.3848 2  19
 time t = 1.72185132385e-007
 6992843.28438 0 -1 10000 2  0
 33585629.8774 0 0 41143.3848 2  6
 48570853.4513 0 0 41143.3848 2  9
 1319303.6791 0 0 41143.3848 2  10
 14570621.2104 0 0 41143.3848 2  17
 15.367726872 0 0 41143.3848 2  18
 16.6828824069 0 0 41143.3848 2  19
 time t = 1.72685132385e-007
 6992843.28438 0 -1 10000 2  0
 33552734.3704 0 0 41143.3848 2  6
 48523280.6423 0 0 41143.3848 2  9
 1318011.4802 0 0 41143.3848 2  10
 14556349.9898 0 0 41143.3848 2  17
 15.6229210697 0 0 41143.3848 2  18
 16.396295835 0 0 41143.3848 2  19
 time t = 1.73185132385e-007
 6992843.28438 0 -1 10000 2  0
 33519826.6449 0 0 41143.3848 2  6
 48475690.1598 0 0 41143.3848 2  9
 1316718.80881 0 0 41143.3848 2  10
 14542073.4688 0 0 41143.3848 2  17
 16.0267623581 0 0 41143.3848 2  18
 15.9610512738 0 0 41143.3848 2  19
 time t = 1.73685132385e-007
 6992843.28438 0 -1 10000 2  0
 33486906.8048 0 0 41143.3848 2  6
 48428082.1557 0 0 41143.3848 2  9
 1315425.6574 0 0 41143.3848 2  10
 14527791.6887 0 0 41143.3848 2  17
 15.9006215023 0 0 41143.3848 2  18
 16.0557763556 0 0 41143.3848 2  19
 time t = 1.74182185785e-007
 103652624.642 0 -1 41148.0553528 6  2
 208723531.262 0 -1 41148.0553528 6  3
 31841557.0701 0 0 41143.3848 6  3
 time t = 1.74682185785e-007
 103652624.641 0 -1 41148.0553528 6  2
 208723531.264 0 -1 41148.0553528 6  3
 31810201.3661 0 0 41143.3848 6  3
 time t = 1.75182185785e-007
 103652624.645 0 -1 41148.0553528 6  2
 208723531.254 0 -1 41148.0553528 6  3
 31778834.4087 0 0 41143.3848 6  3
 time t = 1.75682185785e-007
 103652624.641 0 -1 41148.0553528 6  2
 208723531.258 0 -1 41148.0553528 6  3
 31747456.2979 0 0 41143.3848 6  3
 time t = 1.76182185785e-007
 103652624.643 0 -1 41148.0553528 6  2
 208723531.256 0 -1 41148.0553528 6  3
 31716067.1222 0 0 41143.3848 6  3
 time t = 1.76682185785e-007
 103652624.642 0 -1 41148.0553528 6  2
 208723531.263 0 -1 41148.0553528 6  3
 31684666.9799 0 0 41143.3848 6  3
 time t = 1.77182185785e-007
 103652624.641 0 -1 41148.0553528 6  2
 208723531.262 0 -1 41148.0553528 6  3
 31653255.9625 0 0 41143.3848 6  3
 time t = 1.77682185785e-007
 103652624.643 0 -1 41148.0553528 6  2
 208723531.25 0 -1 41148.0553528 6  3
 31621834.1607 0 0 41143.3848 6  3
 time t = 1.78182185785e-007
 103652624.644 0 -1 41148.0553528 6  2
 208723531.27 0 -1 41148.0553528 6  3
 31590401.6772 0 0 41143.3848 6  3
 time t = 1.78682185785e-007
 103652624.643 0 -1 41148.0553528 6  2
 208723531.255 0 -1 41148.0553528 6  3
 31558958.5965 0 0 41143.3848 6  3
 time t = 1.79182185785e-007
 103652624.639 0 -1 41148.0553528 6  2
 208723531.267 0 -1 41148.0553528 6  3
 31527505.0218 0 0 41143.3848 6  3
 time t = 1.79682185785e-007
 103652624.643 0 -1 41148.0553528 6  2
 208723531.265 0 -1 41148.0553528 6  3
 31496041.0359 0 0 41143.3848 6  3
 time t = 1.80182185785e-007
 103652624.642 0 -1 41148.0553528 6  2
 208723531.268 0 -1 41148.0553528 6  3
 31464566.7445 0 0 41143.3848 6  3
 time t = 1.80682185785e-007
 103652624.642 0 -1 41148.0553528 6  2
 208723531.262 0 -1 41148.0553528 6  3
 31433082.2331 0 0 41143.3848 6  3
 time t = 1.81182185785e-007
 103652624.642 0 -1 41148.0553528 6  2
 208723531.261 0 -1 41148.0553528 6  3
 31401587.5986 0 0 41143.3848 6  3
 time t = 1.81682185785e-007
 103652624.64 0 -1 41148.0553528 6  2
 208723531.262 0 -1 41148.0553528 6  3
 31370082.9324 0 0 41143.3848 6  3
 time t = 1.82182185785e-007
 103652624.642 0 -1 41148.0553528 6  2
 208723531.262 0 -1 41148.0553528 6  3
 31338568.3288 0 0 41143.3848 6  3
 time t = 1.82682185785e-007
 103652624.642 0 -1 41148.0553528 6  2
 208723531.268 0 -1 41148.0553528 6  3
 31307043.8837 0 0 41143.3848 6  3
 time t = 1.83182185785e-007
 103652624.641 0 -1 41148.0553528 6  2
 208723531.27 0 -1 41148.0553528 6  3
 31275509.6887 0 0 41143.3848 6  3
 time t = 1.83682185785e-007
 103652624.642 0 -1 41148.0553528 6  2
 208723531.263 0 -1 41148.0553528 6  3
 31243965.8367 0 0 41143.3848 6  3
 time t = 1.84182185785e-007
 103652624.641 0 -1 41148.0553528 6  2
 208723531.257 0 -1 41148.0553528 6  3
 31212412.421 0 0 41143.3848 6  3
 time t = 1.8466502506e-007
 6992843.28438 0 -1 10000 3  0
 42063665.0438 0 0 41143.3848 3  13
 43257911.2122 0 0 41143.3848 3  14
 44.4005630407 0 0 41143.3848 3  18
 44.8798309418 0 0 41143.3848 3  19
 time t = 1.8516502506e-007
 6992843.28438 0 -1 10000 3  0
 7594558.6951 0 0 41143.3848 3  13
 77643250.0903 0 0 41143.3848 3  14
 44.8074294952 0 0 41143.3848 3  18
 44.3853122821 0 0 41143.3848 3  19
 time t = 1.8566502506e-007
 6992843.28438 0 -1 10000 3  0
 76077478.825 0 0 41143.3848 3  13
 9076499.45302 0 0 41143.3848 3  14
 44.165538975 0 0 41143.3848 3  18
 44.9394832154 0 0 41143.3848 3  19
 time t = 1.8616502506e-007
 6992843.28438 0 -1 10000 3  0
 83205350.6302 0 0 41143.3848 3  13
 1864734.4517 0 0 41143.3848 3  14
 44.8211728117 0 0 41143.3848 3  18
 44.1960654068 0 0 41143.3848 3  19
 time t = 1.8666502506e-007
 6992843.28438 0 -1 10000 3  0
 8990248.52994 0 0 41143.3848 3  13
 75995881.0146 0 0 41143.3848 3  14
 44.2450519663 0 0 41143.3848 3  18
 44.6843331705 0 0 41143.3848 3  19
 time t = 1.8716502506e-007
 6992843.28438 0 -1 10000 3  0
 241721.662675 0 0 41143.3848 3  13
 84660390.3512 0 0 41143.3848 3  14
 44.6129393723 0 0 41143.3848 3  18
 44.2285305059 0 0 41143.3848 3  19
 time t = 1.8766502506e-007
 6992843.28438 0 -1 10000 3  0
 54458.1936664 0 0 41143.3848 3  13
 84763574.6438 0 0 41143.3848 3  14
 44.2463770273 0 0 41143.3848 3  18
 44.5071113538 0 0 41143.3848 3  19
 time t = 1.8816502506e-007
 6992843.28438 0 -1 10000 3  0
 73763161.7187 0 0 41143.3848 3  13
 10970730.6455 0 0 41143.3848 3  14
 43.7328173405 0 0 41143.3848 3  18
 44.9326293284 0 0 41143.3848 3  19
 time t = 1.8866502506e-007
 6992843.28438 0 -1 10000 3  0
 3769209.53618 0 0 41143.3848 3  13
 80880481.4048 0 0 41143.3848 3  14
 44.9829175443 0 0 41143.3848 3  18
 43.5944193803 0 0 41143.3848 3  19
 time t = 1.8916502506e-007
 6992843.28438 0 -1 10000 3  0
 69404854.5408 0 0 41143.3848 3  13
 15160574.3746 0 0 41143.3848 3  14
 44.6600110264 0 0 41143.3848 3  18
 43.8291532114 0 0 41143.3848 3  19
 time t = 1.8966502506e-007
 6992843.28438 0 -1 10000 3  0
 272060.293073 0 0 41143.3848 3  13
 84209046.3426 0 0 41143.3848 3  14
 45.3552439886 0 0 41143.3848 3  18
 43.0456873695 0 0 41143.3848 3  19
 time t = 1.9016502506e-007
 6992843.28438 0 -1 10000 3  0
 81230315.9584 0 0 41143.3848 3  13
 3166408.49036 0 0 41143.3848 3  14
 44.1779218022 0 0 41143.3848 3  18
 44.1347103188 0 0 41143.3848 3  19
 time t = 1.9066502506e-007
 6992843.28438 0 -1 10000 3  0
 73057391.2344 0 0 41143.3848 3  13
 11254891.4687 0 0 41143.3848 3  14
 44.3838611434 0 0 41143.3848 3  18
 43.8404117902 0 0 41143.3848 3  19
 time t = 1.9116502506e-007
 6992843.28438 0 -1 10000 3  0
 24877753.0718 0 0 41143.3848 3  13
 59350028.674 0 0 41143.3848 3  14
 44.1902154091 0 0 41143.3848 3  18
 43.9456378268 0 0 41143.3848 3  19
 time t = 1.9166502506e-007
 6992843.28438 0 -1 10000 3  0
 2715044.01629 0 0 41143.3848 3  13
 81428177.9081 0 0 41143.3848 3  14
 44.2436997211 0 0 41143.3848 3  18
 43.8036677812 0 0 41143.3848 3  19
 time t = 1.9216502506e-007
 6992843.28438 0 -1 10000 3  0
 64130428.8824 0 0 41143.3848 3  13
 19928174.7044 0 0 41143.3848 3  14
 44.0192070991 0 0 41143.3848 3  18
 43.9396181377 0 0 41143.3848 3  19
 time t = 1.9266502506e-007
 6992843.28438 0 -1 10000 3  0
 35334987.0328 0 0 41143.3848 3  13
 48638940.0467 0 0 41143.3848 3  14
 44.1400640962 0 0 41143.3848 3  18
 43.7301526583 0 0 41143.3848 3  19
 time t = 1.9316502506e-007
 6992843.28438 0 -1 10000 3  0
 480344.139615 0 0 41143.3848 3  13
 83408848.6111 0 0 41143.3848 3  14
 44.869297639 0 0 41143.3848 3  18
 42.9122541981 0 0 41143.3848 3  19
 time t = 1.9366502506e-007
 6992843.28438 0 -1 10000 3  0
 73221398.517 0 0 41143.3848 3  13
 10583002.4305 0 0 41143.3848 3  14
 43.3446480318 0 0 41143.3848 3  18
 44.3481777554 0 0 41143.3848 3  19
 time t = 1.9416502506e-007
 6992843.28438 0 -1 10000 3  0
 360930.539999 0 0 41143.3848 3  13
 83358621.4768 0 0 41143.3848 3  14
 43.2661116132 0 0 41143.3848 3  18
 44.3379283695 0 0 41143.3848 3  19
 time t = 1.9466502506e-007
 6992843.28438 0 -1 10000 3  0
 12908965.0821 0 0 41143.3848 3  13
 70725681.2249 0 0 41143.3848 3  14
 44.5767331316 0 0 41143.3848 3  18
 42.938460305 0 0 41143.3848 3  19
 time t = 1.9516502506e-007
 6992843.28438 0 -1 10000 3  0
 81330773.3167 0 0 41143.3848 3  13
 2218910.84674 0 0 41143.3848 3  14
 43.2034671003 0 0 41143.3848 3  18
 44.2228233679 0 0 41143.3848 3  19
 time t = 1.95201925008e-007
 297056807.584 0 -1 41148.3847997 13  2
 16288221.7243 0 -1 41148.3847997 13  3
 75645387.2846 0 0 41143.3848 13  2
 time t = 1.95701925008e-007
 237221964.118 0 -1 41148.3847997 13  2
 76123065.2087 0 -1 41148.3847997 13  3
 60346992.4816 0 0 41143.3848 13  2
 time t = 1.96201925008e-007
 252907601.08 0 -1 41148.3847997 13  2
 60437428.2385 0 -1 41148.3847997 13  3
 64271682.2211 0 0 41143.3848 13  2
 time t = 1.96647727176e-007
 6992843.28438 0 -1 10000 2  0
 29622807.9097 0 0 41143.3848 2  6
 42909699.424 0 0 41143.3848 2  9
 1166110.67726 0 0 41143.3848 2  10
 12888874.1619 0 0 41143.3848 2  17
 19.254475219 0 0 41143.3848 2  18
 20.4204991736 0 0 41143.3848 2  19
 time t = 1.97147727176e-007
 6992843.28438 0 -1 10000 2  0
 29588906.4329 0 0 41143.3848 2  6
 42860591.9218 0 0 41143.3848 2  9
 1164776.13807 0 0 41143.3848 2  10
 12874123.637 0 0 41143.3848 2  17
 19.0760933166 0 0 41143.3848 2  18
 20.553475838 0 0 41143.3848 2  19
 time t = 1.97647727176e-007
 6992843.28438 0 -1 10000 2  0
 29554989.0491 0 0 41143.3848 2  6
 42811461.374 0 0 41143.3848 2  9
 1163440.96772 0 0 41143.3848 2  10
 12859366.196 0 0 41143.3848 2  17
 18.9005639221 0 0 41143.3848 2  18
 20.6835768021 0 0 41143.3848 2  19
 time t = 1.98147727176e-007
 6992843.28438 0 -1 10000 2  0
 29521055.8999 0 0 41143.3848 2  6
 42762307.9926 0 0 41143.3848 2  9
 1162105.17814 0 0 41143.3848 2  10
 12844601.8939 0 0 41143.3848 2  17
 19.5682900079 0 0 41143.3848 2  18
 19.9704036948 0 0 41143.3848 2  19
 time t = 1.98647727176e-007
 6992843.28438 0 -1 10000 2  0
 29487107.1374 0 0 41143.3848 2  6
 42713131.9738 0 0 41143.3848 2  9
 1160768.7779 0 0 41143.3848 2  10
 12829830.7941 0 0 41143.3848 2  17
 19.1740165074 0 0 41143.3848 2  18
 20.3192107102 0 0 41143.3848 2  19
 time t = 1.99147727176e-007
 6992843.28438 0 -1 10000 2  0
 29453142.886 0 0 41143.3848 2  6
 42663933.5473 0 0 41143.3848 2  9
 1159431.76579 0 0 41143.3848 2  10
 12815052.9615 0 0 41143.3848 2  17
 19.1595917892 0 0 41143.3848 2  18
 20.288141883 0 0 41143.3848 2  19
 time t = 1.99647727176e-007
 6992843.28438 0 -1 10000 2  0
 29419163.3049 0 0 41143.3848 2  6
 42614712.9103 0 0 41143.3848 2  9
 1158094.14543 0 0 41143.3848 2  10
 12800268.4591 0 0 41143.3848 2  17
 19.161412208 0 0 41143.3848 2  18
 20.2408125897 0 0 41143.3848 2  19
 time t = 2.00147727176e-007
 6992843.28438 0 -1 10000 2  0
 29385168.5338 0 0 41143.3848 2  6
 42565470.2661 0 0 41143.3848 2  9
 1156755.9331 0 0 41143.3848 2  10
 12785477.3437 0 0 41143.3848 2  17
 19.1897265651 0 0 41143.3848 2  18
 20.166966925 0 0 41143.3848 2  19
 time t = 2.00647727176e-007
 6992843.28438 0 -1 10000 2  0
 29351158.7136 0 0 41143.3848 2  6
 42516205.8308 0 0 41143.3848 2  9
 1155417.12303 0 0 41143.3848 2  10
 12770679.6837 0 0 41143.3848 2  17
 19.0562685471 0 0 41143.3848 2  18
 20.2548744453 0 0 41143.3848 2  19
 time t = 2.01147727176e-007
 6992843.28438 0 -1 10000 2  0
 29317133.9937 0 0 41143.3848 2  6
 42466919.7967 0 0 41143.3848 2  9
 1154077.73409 0 0 41143.3848 2  10
 12755875.5375 0 0 41143.3848 2  17
 18.9206233232 0 0 41143.3848 2  18
 20.3449462025 0 0 41143.3848 2  19
 time t = 2.01409209995e-007
 time t = 2.01909209995e-007
 time t = 2.02409209995e-007
 time t = 2.02909209995e-007
 time t = 2.03409209995e-007
 time t = 2.03909209995e-007
 time t = 2.04409209995e-007
 time t = 2.04909209995e-007
 time t = 2.05409209995e-007
 time t = 2.05909209995e-007
 time t = 2.06409209995e-007
 time t = 2.06909209995e-007
 time t = 2.07409209995e-007
 time t = 2.07909209995e-007
 time t = 2.08409209995e-007
 time t = 2.08909209995e-007
 time t = 2.09409209995e-007
 time t = 2.09909209995e-007
 time t = 2.10409209995e-007
 time t = 2.10909209995e-007
 time t = 2.11409209995e-007
 time t = 2.11909209995e-007
 time t = 2.12409209995e-007
 time t = 2.12909209995e-007
 time t = 2.13409209995e-007
 time t = 2.13909209995e-007
 time t = 2.14409209995e-007
 time t = 2.14909209995e-007
 time t = 2.15409209995e-007
 time t = 2.15909209995e-007
 time t = 2.16409209995e-007
 time t = 2.16909209995e-007
 time t = 2.17409209995e-007
 time t = 2.17909209995e-007
 time t = 2.18409209995e-007
 time t = 2.18909209995e-007
 time t = 2.19409209995e-007
 time t = 2.19909209995e-007
 time t = 2.20409209995e-007
 time t = 2.20909209995e-007
 time t = 2.21409209995e-007
 time t = 2.21909209995e-007
 time t = 2.22409209995e-007
 time t = 2.22909209995e-007
 time t = 2.23409209995e-007
 time t = 2.23909209995e-007
 time t = 2.24409209995e-007
 time t = 2.24909209995e-007
 time t = 2.25409209995e-007
 time t = 2.25909209995e-007
 time t = 2.26409209995e-007
 time t = 2.26909209995e-007
 time t = 2.27409209995e-007
 time t = 2.27909209995e-007
 time t = 2.28409209995e-007
 time t = 2.28909209995e-007
 time t = 2.29409209995e-007
 time t = 2.29909209995e-007
 time t = 2.30409209995e-007
 time t = 2.30909209995e-007
 time t = 2.31409209995e-007
 time t = 2.31909209995e-007
 time t = 2.32409209995e-007
 time t = 2.32909209995e-007
 time t = 2.33409209995e-007
 time t = 2.33909209995e-007
 time t = 2.34409209995e-007
 time t = 2.34909209995e-007
 time t = 2.35409209995e-007
 time t = 2.35909209995e-007
 time t = 2.36409209995e-007
 time t = 2.36909209995e-007
 time t = 2.37409209995e-007
 time t = 2.37909209995e-007
 time t = 2.38409209995e-007
 time t = 2.38909209995e-007
 time t = 2.39409209995e-007
 time t = 2.39909209995e-007
